offset			,radius			,minErrorPerVert,maxErrorPerVert,totalError		,averageError	
0.25,0.25,0,3.053425147564459e-05,0.04625678490859519,1.284910691905422e-05
0.25,0.5,0,6.109830527367688e-05,0.09251228997833913,2.569785832731643e-05
0.25,1,0,0.0001221668082250216,0.1850248398345244,5.139578884292344e-05
0.25,2,0,0.0002443336164500431,0.3700486964704341,0.0001027913045751206
0.25,4,0,0.0004886672329000863,0.7400965538525393,0.0002055823760701498
0.25,8,0,0.0009773344658001171,1.480185844815143,0.000411162734670873
0.25,16,0,0.001954698733922622,2.960357617181636,0.0008223215603282322
0.25,32,0,0.003909397467845244,5.920703548721459,0.00164463987464485
0.25,64,0,0.007818794935690487,11.84136827792736,0.003289268966090933
0.25,128,0,0.01563758987138097,23.68266983136073,0.006578519397600204
0.25,256,0,0.03127517974276195,47.36513682538566,0.01315698245149602
0.25,512,0,0.0625503594855239,94.73020274602032,0.02631394520722787
0.25,1024,0,0.1251007189710478,189.4600880920403,0.05262780224778896
0.25,2048,0,0.2502014379420956,378.9204255173403,0.1052556737548167
0.25,4096,0,0.5004028758841916,757.8410340298713,0.2105113983416309
0.25,8192,0,1.000805751768383,1515.682578614392,0.4210229385039979
0.25,16384,0,2.001611503536767,3031.363499183158,0.842045416439766
0.25,32768,0,4.003223007073533,6062.726998366305,1.684090832879529
0.25,65536,0,8.006446014147066,12125.45009048261,3.368180580689613
0.25,131072,0,16.01289202829413,24250.88064995362,6.736355736098228
0.25,262144,0,32.02578405658826,48501.74567490719,13.47270713191866
0.25,524288,0,64.05156811317653,97003.49134981437,26.94541426383732
0.25,1048576,0,128.1031362263531,194006.9201996286,53.89081116656351
0.25,2097152,0,256.2062724527061,388013.8403992573,107.781622333127
0.25,4194304,0,512.4125449054122,776028.1807985145,215.5633835551429
0.25,8388608,0,1024.825089810824,1552089.043989332,431.1358455525922
0.5,0.25,0,3.05640537980878e-05,0.04625753087376533,1.284931413160148e-05
0.5,0.5,0,6.106850295128918e-05,0.09251356981719039,2.569821383810844e-05
0.5,1,0,0.0001221966105473538,0.1850245799566783,5.139571665463285e-05
0.5,2,0,0.0002443336164500431,0.3700496796690487,0.0001027915776858469
0.5,4,0,0.0004886672329000863,0.7400973929408683,0.0002055826091502412
0.5,8,0,0.0009773344658001726,1.480193107705079,0.0004111647521402996
0.5,16,0,0.001954668931600234,2.960371689630286,0.000822325469341746
0.5,32,0,0.003909397467845244,5.920715234363271,0.001644643120656464
0.5,64,0,0.007818794935690487,11.84140709744292,0.003289279749289699
0.5,128,0,0.01563758987138097,23.68273655585472,0.006578537932181866
0.5,256,0,0.03127517974276195,47.36533966272147,0.01315703879520041
0.5,512,0,0.0625503594855239,94.73027365077132,0.02631396490299203
0.5,1024,0,0.1251007189710478,189.4604054920406,0.05262789041445574
0.5,2048,0,0.2502014379420956,378.9201761840806,0.1052556044955779
0.5,4096,0,0.5004028758841912,757.8408510346806,0.2105113475096335
0.5,8192,0,1.000805751768383,1515.682068059743,0.4210227966832618
0.5,16384,0,2.001611503536767,3031.365157228784,0.8420458770079957
0.5,32768,0,4.003223007073533,6062.726998366315,1.684090832879532
0.5,65536,0,8.006446014147066,12125.45399673261,3.368181665759058
0.5,131072,0,16.01289202829413,24250.90018096522,6.736361161379227
0.5,262144,0,32.02578405658826,48501.76129990724,13.47271147219646
0.5,524288,0,64.05156811317653,97003.49134981437,26.94541426383732
0.5,1048576,0,128.1031362263531,194006.9826996287,53.89082852767465
0.5,2097152,0,256.2062724527061,388013.8403992573,107.781622333127
0.5,4194304,0,512.4125449054122,776027.6807985145,215.563244666254
0.5,8388608,0,1024.825089810824,1552056.361597029,431.1267671102859
1,0.25,0,3.050444915331241e-05,0.04626366073427246,1.285101687063124e-05
1,0.5,0,6.11281075961756e-05,0.09251506174753066,2.569862826320296e-05
1,1,0,0.0001221370059025784,0.1850271396343808,5.139642767621688e-05
1,2,0,0.0002443932210947075,0.3700491599133565,0.0001027914333092657
1,4,0,0.0004886672329000863,0.7400993593380975,0.0002055831553716937
1,8,0,0.0009773344658001726,1.480194785881737,0.0004111652183004824
1,16,0,0.001954668931600345,2.960386215410157,0.0008223295042805992
1,32,0,0.003909337863200468,5.920743379260571,0.001644650938683492
1,64,0,0.007818794935690487,11.84143046872654,0.003289286241312929
1,128,0,0.01563758987138097,23.68281419488584,0.006578559498579399
1,256,0,0.03127517974276195,47.36547311170943,0.01315707586436373
1,512,0,0.0625503594855239,94.73067932544294,0.02631407759040082
1,1024,0,0.1251007189710478,189.4605473015426,0.05262792980598407
1,2048,0,0.2502014379420956,378.9208109840813,0.1052557808289115
1,4096,0,0.5004028758841912,757.8403523681611,0.2105112089911559
1,8192,0,1.000805751768382,1515.681702069361,0.421022695019267
1,16384,0,2.001611503536767,3031.364136119485,0.8420455933665236
1,32768,0,4.003223007073533,6062.730314457569,1.684091754015991
1,65536,0,8.006446014147066,12125.45399673263,3.368181665759064
1,131072,0,16.01289202829413,24250.90799346522,6.736363331518116
1,262144,0,32.02578405658826,48501.80036193044,13.47272232275845
1,524288,0,64.05156811317653,97003.52259981449,26.94542294439291
1,1048576,0,128.1031362263531,194006.9826996287,53.89082852767465
1,2097152,0,256.2062724527061,388013.9653992575,107.7816570553493
1,4194304,0,512.4125449054122,776027.6807985145,215.563244666254
1,8388608,0,1024.825089810824,1552055.361597029,431.1264893325081
2,0.25,0,3.050444915331241e-05,0.04627586012930762,1.285440559147434e-05
2,0.5,0,6.100889830662481e-05,0.09252732146854492,2.570203374126248e-05
2,1,0,0.0001222562151923512,0.1850301234950613,5.139725652640592e-05
2,2,0,0.0002442740118051567,0.3700542792687616,0.0001027928553524338
2,4,0,0.000488786442189415,0.740098319826713,0.0002055828666185314
2,8,0,0.0009773344658001726,1.480198718676195,0.0004111663107433875
2,16,0,0.001954668931600345,2.960389571763473,0.0008223304366009648
2,32,0,0.00390933786320069,5.920772430820314,0.001644659008561198
2,64,0,0.007818675726400937,11.84148675852114,0.003289301877366984
2,128,0,0.01563758987138097,23.68286093745309,0.006578572482625857
2,256,0,0.03127517974276195,47.36562838977167,0.0131571189971588
2,512,0,0.0625503594855239,94.73094622341887,0.02631415172872746
2,1024,0,0.1251007189710478,189.4613586508859,0.05262815518080163
2,2048,0,0.2502014379420956,378.9210946030853,0.1052558596119681
2,4096,0,0.5004028758841912,757.8416219681626,0.2105115616578229
2,8192,0,1.000805751768382,1515.680704736322,0.4210224179823117
2,16384,0,2.001611503536765,3031.363404138722,0.842045390038534
2,32768,0,4.003223007073533,6062.72827223897,1.684091186733047
2,65536,0,8.006446014147066,12125.46062891514,3.368183508031983
2,131072,0,16.01289202829413,24250.90799346526,6.736363331518128
2,262144,0,32.02578405658826,48501.81598693044,13.47272666303623
2,524288,0,64.05156811317653,97003.60072386087,26.94544464551691
2,1048576,0,128.1031362263531,194007.045199629,53.89084588878583
2,2097152,0,256.2062724527061,388013.9653992575,107.7816570553493
2,4194304,0,512.4125449054122,776027.930798515,215.5633141106986
2,8388608,0,1024.825089810824,1552055.361597029,431.1264893325081
4,0.25,0,3.074286773241397e-05,0.04632471535701432,1.286797648805953e-05
4,0.5,0,6.100889830662481e-05,0.09255172025861524,2.570881118294868e-05
4,1,0,0.0001220177966132496,0.1850546429370898,5.140406748252496e-05
4,2,0,0.0002445124303847024,0.3700602469901226,0.0001027945130528118
4,4,0,0.0004885480236103135,0.7401085585375231,0.0002055857107048675
4,8,0,0.0009775728843788301,1.480196639653426,0.0004111657332370628
4,16,0,0.001954668931600345,2.96039743735239,0.000822332621486775
4,32,0,0.00390933786320069,5.920779143526946,0.00164466087320193
4,64,0,0.007818675726401381,11.84154486164063,0.003289318017122397
4,128,0,0.01563735145280187,23.68297351704229,0.006578603754733968
4,256,0,0.03127517974276195,47.36572187490617,0.01315714496525171
4,512,0,0.0625503594855239,94.73125677954334,0.02631423799431759
4,1024,0,0.1251007189710478,189.4618924468377,0.05262830345745493
4,2048,0,0.2502014379420956,378.9227173017717,0.1052563103616033
4,4096,0,0.5004028758841912,757.8421892061706,0.2105117192239363
4,8192,0,1.000805751768382,1515.683243936325,0.4210231233156459
4,16384,0,2.001611503536765,3031.361409472644,0.8420448359646234
4,32768,0,4.00322300707353,6062.726808277444,1.684090780077068
4,65536,0,8.006446014147066,12125.45654447794,3.368182373466095
4,131072,0,16.01289202829413,24250.92125783028,6.736367016063966
4,262144,0,32.02578405658826,48501.81598693052,13.47272666303626
4,524288,0,64.05156811317653,97003.63197386087,26.94545332607246
4,1048576,0,128.1031362263531,194007.2014477217,53.89088929103382
4,2097152,0,256.2062724527061,388014.090399258,107.7816917775717
4,4194304,0,512.4125449054122,776027.930798515,215.5633141106986
4,8388608,0,1024.825089810824,1552055.86159703,431.1266282213972
8,0.25,0,3.096832352333934e-05,0.04644213254430252,1.290059237341737e-05
8,0.5,0,6.148573546482794e-05,0.09264943071402865,2.573595297611907e-05
8,1,0,0.0001220177966132496,0.1851034405172305,5.141762236589736e-05
8,2,0,0.0002440355932264993,0.3701092858741797,0.0001028081349650499
8,4,0,0.0004890248607694048,0.7401204939802453,0.0002055890261056237
8,8,0,0.0009770960472206269,1.480217117075046,0.0004111714214097351
8,16,0,0.00195514576875766,2.960393279306852,0.0008223314664741256
8,32,0,0.00390933786320069,5.92079487470478,0.00164466524297355
8,64,0,0.007818675726401381,11.84155828705389,0.003289321746403859
8,128,0,0.01563735145280276,23.68308972328126,0.006578636034244793
8,256,0,0.03127470290560375,47.36594703408457,0.01315720750946794
8,512,0,0.0625503594855239,94.73144374981234,0.02631428993050343
8,1024,0,0.1251007189710478,189.4625135590867,0.05262847598863519
8,2048,0,0.2502014379420956,378.9237848936755,0.1052566069149099
8,4096,0,0.5004028758841912,757.8454346035435,0.2105126207232065
8,8192,0,1.000805751768382,1515.684378412341,0.4210234384478725
8,16384,0,2.001611503536765,3031.36648787265,0.8420462466312918
8,32768,0,4.00322300707353,6062.722818945289,1.684089671929247
8,65536,0,8.006446014147059,12125.45361655489,3.368181560154136
8,131072,0,16.01289202829413,24250.91308895588,6.736364746932189
8,262144,0,32.02578405658826,48501.84251566055,13.47273403212793
8,524288,0,64.05156811317653,97003.63197386105,26.94545332607251
8,1048576,0,128.1031362263531,194007.2639477217,53.89090665214493
8,2097152,0,256.2062724527061,388014.4028954435,107.7817785820676
8,4194304,0,512.4125449054122,776028.1807985159,215.5633835551433
8,8388608,0,1024.825089810824,1552055.86159703,431.1266282213972
16,0.25,0,3.142039810555275e-05,0.04677509624974618,1.299308229159616e-05
16,0.5,0,6.193664704667867e-05,0.09288426508860503,2.580118474683473e-05
16,1,0,0.0001229714709296559,0.1852988614280573,5.147190595223814e-05
16,2,0,0.0002440355932264993,0.370206881034461,0.0001028352447317947
16,4,0,0.0004880711864529985,0.7402185717483594,0.0002056162699300998
16,8,0,0.0009780497215388095,1.480240987960491,0.0004111780522112474
16,16,0,0.001954192094441254,2.960434234150092,0.0008223428428194701
16,32,0,0.00391029153751532,5.920786558613704,0.001644662932948251
16,64,0,0.007818675726401381,11.84158974940956,0.0032893304859471
16,128,0,0.01563735145280276,23.68311657410779,0.006578643492807719
16,256,0,0.03127470290560552,47.36617944656251,0.01315727206848959
16,512,0,0.06254940581120749,94.73189406816914,0.02631441501893587
16,1024,0,0.1251007189710478,189.4628874996247,0.05262857986100686
16,2048,0,0.2502014379420956,378.9250271181734,0.1052569519772704
16,4096,0,0.5004028758841912,757.8475697873509,0.2105132138298197
16,8192,0,1.000805751768382,1515.690869207087,0.4210252414464131
16,16384,0,2.001611503536765,3031.368756824682,0.8420468768957451
16,32768,0,4.00322300707353,6062.732975745301,1.684092493262584
16,65536,0,8.006446014147059,12125.44563789058,3.368179343858494
16,131072,0,16.01289202829412,24250.90723310978,6.736363120308272
16,262144,0,32.02578405658826,48501.82617791176,13.47272949386438
16,524288,0,64.05156811317653,97003.6850313211,26.94546806425586
16,1048576,0,128.1031362263531,194007.2639477221,53.89090665214503
16,2097152,0,256.2062724527061,388014.5278954435,107.7818133042899
16,4194304,0,512.4125449054122,776028.805790887,215.5635571641353
16,8388608,0,1024.825089810824,1552056.361597032,431.1267671102866
32,0.25,0,3.233385125156474e-05,0.04810892544612599,1.336359040170166e-05
32,0.5,0,6.28407962111055e-05,0.09355019249949237,2.598616458319233e-05
32,1,0,0.0001238732940933573,0.1857685301772101,5.160236949366946e-05
32,2,0,0.0002459429418593118,0.3705977228561146,0.0001029438119044763
32,4,0,0.0004880711864529985,0.740413762068922,0.0002056704894635894
32,8,0,0.000976142372905997,1.480437143496719,0.0004112325398601997
32,16,0,0.001956099443077619,2.960481975920981,0.0008223561044224947
32,32,0,0.003908384188882508,5.920868468300185,0.00164468568563894
32,64,0,0.00782058307503064,11.84157311722741,0.003289325865896503
32,128,0,0.01563735145280276,23.68317949881912,0.0065786609718942
32,256,0,0.03127470290560552,47.36623314821557,0.01315728698561544
32,512,0,0.06254940581121105,94.73235889312502,0.02631454413697917
32,1024,0,0.125098811622415,189.4637881363383,0.05262883003787174
32,2048,0,0.2502014379420956,378.9257749992494,0.1052571597220137
32,4096,0,0.5004028758841912,757.8500542363468,0.2105139039545408
32,8192,0,1.000805751768382,1515.695139574702,0.4210264276596394
32,16384,0,2.001611503536765,3031.381738414174,0.8420504828928261
32,32768,0,4.00322300707353,6062.737513649365,1.68409375379149
32,65536,0,8.006446014147059,12125.4659514906,3.368184986525167
32,131072,0,16.01289202829412,24250.89127578116,6.736358687716987
32,262144,0,32.02578405658824,48501.81446621956,13.47272624061654
32,524288,0,64.05156811317653,97003.65235582352,26.94545898772876
32,1048576,0,128.1031362263531,194007.3700626422,53.89093612851173
32,2097152,0,256.2062724527061,388014.5278954442,107.7818133042901
32,4194304,0,512.4125449054122,776029.055790887,215.5636266085797
32,8388608,0,1024.825089810824,1552057.611581774,431.1271143282705
64,0.25,0,3.398598983039847e-05,0.0508525353282181,1.412570425783836e-05
64,0.5,0,6.466770250312948e-05,0.09621785089225199,2.672718080340333e-05
64,1,0,0.000125681592422211,0.1871003849989847,5.197232916638465e-05
64,2,0,0.0002477465881867147,0.3715370603544201,0.0001032047389873389
64,4,0,0.0004918858837186235,0.7411954457122292,0.0002058876238089525
64,8,0,0.000976142372905997,1.480827524137844,0.0004113409789271788
64,16,0,0.001952284745811994,2.960874286993437,0.0008224650797203993
64,32,0,0.003912198886155238,5.920963951841962,0.001644712208844989
64,64,0,0.007816768377765015,11.84173693660037,0.003289371371277881
64,128,0,0.01564116615006128,23.68314623445482,0.006578651731793005
64,256,0,0.03127470290560552,47.36635899763824,0.0131573219437884
64,512,0,0.06254940581121105,94.73246629643114,0.02631457397123087
64,1024,0,0.1250988116224221,189.46471778625,0.05262908827395835
64,2048,0,0.25019762324483,378.9275762726766,0.1052576600757435
64,4096,0,0.5004028758841912,757.8515499984987,0.2105143194440274
64,8192,0,1.000805751768382,1515.700108472694,0.4210278079090815
64,16384,0,2.001611503536765,3031.390279149404,0.8420528553192789
64,32768,0,4.00322300707353,6062.763476828348,1.684100965785652
64,65536,0,8.006446014147059,12125.47502729873,3.36818750758298
64,131072,0,16.01289202829412,24250.9319029812,6.736369973050334
64,262144,0,32.02578405658824,48501.78255156231,13.47271737543397
64,524288,0,64.05156811317647,97003.62893243911,26.94545248123309
64,1048576,0,128.1031362263531,194007.304711647,53.89091797545751
64,2097152,0,256.2062724527061,388014.7401252844,107.7818722570235
64,4194304,0,512.4125449054122,776029.0557908884,215.5636266085801
64,8388608,0,1024.825089810824,1552058.111581774,431.1272532171594
128,0.25,0,3.767553283751113e-05,0.05821002604058378,1.616945167793994e-05
128,0.5,0,6.797197966079693e-05,0.1017050706564362,2.825140851567672e-05
128,1,0,0.000129335405006259,0.192435701784504,5.345436160680666e-05
128,2,0,0.000251363184844422,0.3742007699979695,0.0001039446583327693
128,4,0,0.0004954931763734294,0.7430741207088403,0.0002064094779746779
128,8,0,0.000983771767437247,1.482390891424458,0.0004117752476179051
128,16,0,0.001952284745811994,2.961655048275688,0.0008226819578543577
128,32,0,0.003904569491623988,5.921748573986875,0.001644930159440799
128,64,0,0.007824397772310476,11.84192790368392,0.003289424417689979
128,128,0,0.01563353675553003,23.68347387320074,0.006578742742555761
128,256,0,0.03128233230012256,47.36629246890963,0.01315730346358601
128,512,0,0.06254940581121105,94.73271799527647,0.0263146438875768
128,1024,0,0.1250988116224221,189.4649325928623,0.05262914794246175
128,2048,0,0.2501976232448442,378.9294355725001,0.1052581765479167
128,4096,0,0.5003952464896599,757.8551525453531,0.210515320151487
128,8192,0,1.000805751768382,1515.703099996997,0.4210286388880549
128,16384,0,2.001611503536765,3031.400216945387,0.842055615818163
128,32768,0,4.00322300707353,6062.780558298808,1.684105710638558
128,65536,0,8.006446014147059,12125.5269536567,3.368201931571305
128,131072,0,16.01289202829412,24250.95005459746,6.736375015165961
128,262144,0,32.02578405658824,48501.86380596241,13.47273994610067
128,524288,0,64.05156811317647,97003.56510312462,26.94543475086795
128,1048576,0,128.1031362263529,194007.2578648782,53.89090496246617
128,2097152,0,256.2062724527061,388014.6094232941,107.781835950915
128,4194304,0,512.4125449054122,776029.4802505688,215.5637445140469
128,8388608,0,1024.825089810824,1552058.111581777,431.1272532171602
256,0.25,0,4.497349078746993e-05,0.07421752541691262,2.061597928247573e-05
256,0.5,0,7.535106567502226e-05,0.1164200520811676,3.233890335587988e-05
256,1,0,0.0001359439593215939,0.2034101413128724,5.650281703135344e-05
256,2,0,0.0002586708100125179,0.384871403569008,0.0001069087232136133
256,4,0,0.000502726369688844,0.7484015399959389,0.0002078893166655386
256,8,0,0.0009909863527468588,1.486148241417681,0.0004128189559493557
256,16,0,0.001967543534874494,2.964781782848917,0.0008235504952358102
256,32,0,0.003904569491623988,5.923310096551376,0.001645363915708715
256,64,0,0.007809138983247976,11.84349714797375,0.003289860318881597
256,128,0,0.01564879554462095,23.68385580736785,0.006578848835379958
256,256,0,0.03126707351106006,47.36694774640148,0.01315748548511152
256,512,0,0.06256466460024512,94.73258493781927,0.02631460692717202
256,1024,0,0.1250988116224221,189.4654359905529,0.0526292877751536
256,2048,0,0.2501976232448442,378.9298651857246,0.1052582958849235
256,4096,0,0.5003952464896884,757.8588711450002,0.2105163530958334
256,8192,0,1.00079049297932,1515.710305090706,0.4210306403029739
256,16384,0,2.001611503536765,3031.406199993995,0.8420572777761097
256,32768,0,4.00322300707353,6062.800433890774,1.684111231636326
256,65536,0,8.006446014147059,12125.56111659762,3.368211421277115
256,131072,0,16.01289202829412,24251.05390731339,6.736403863142609
256,262144,0,32.02578405658824,48501.90010919492,13.47275003033192
256,524288,0,64.05156811317647,97003.72761192481,26.94547989220134
256,1048576,0,128.1031362263529,194007.1302062492,53.8908695017359
256,2097152,0,256.2062724527059,388014.5157297564,107.7818099249323
256,4194304,0,512.4125449054122,776029.2188465882,215.56367190183
256,8388608,0,1024.825089810824,1552058.960501138,431.1274890280938
512,0.25,0,5.976046475097974e-05,0.1118763293269467,3.107675814637408e-05
512,0.5,0,8.994698157493985e-05,0.1484350508338252,4.123195856495146e-05
512,1,0,0.0001507021313500445,0.2328401041623351,6.467780671175976e-05
512,2,0,0.0002718879186431877,0.4068202826257448,0.0001130056340627069
512,4,0,0.0005173416200250358,0.7697428071380159,0.0002138174464272266
512,8,0,0.001005452739377688,1.496803079991878,0.0004157786333310772
512,16,0,0.001981972705493718,2.972296482835361,0.0008256379118987114
512,32,0,0.003935087069748988,5.929563565697833,0.00164710099047162
512,64,0,0.007809138983247976,11.84662019310275,0.003290727831417431
512,128,0,0.01561827796649595,23.6869942959475,0.006579720637763195
512,256,0,0.03129759108924191,47.3677116147357,0.01315769767075992
512,512,0,0.06253414702212012,94.73389549280296,0.02631497097022304
512,1024,0,0.1251293292004902,189.4651698756385,0.05262921385434404
512,2048,0,0.2501976232448442,378.9308719811059,0.1052585755503072
512,4096,0,0.5003952464896884,757.8597303714491,0.210516591769847
512,8192,0,1.000790492979377,1515.71774229,0.4210327061916668
512,16384,0,2.00158098595864,3031.420610181412,0.8420612806059479
512,32768,0,4.00322300707353,6062.81239998799,1.684114555552219
512,65536,0,8.006446014147059,12125.60086778155,3.368222463272652
512,131072,0,16.01289202829412,24251.12223319523,6.736422842554231
512,262144,0,32.02578405658824,48502.10781462678,13.47280772628522
512,524288,0,64.05156811317647,97003.80021838984,26.94550006066384
512,1048576,0,128.1031362263529,194007.4552238496,53.89095978440267
512,2097152,0,256.2062724527059,388014.2604124985,107.7817390034718
512,4194304,0,512.4125449054118,776029.0314595129,215.5636198498647
512,8388608,0,1024.825089810824,1552058.437693176,431.1273438036601
1024,0.25,0,9.042880719789537e-05,0.1997140514527018,5.547612540352828e-05
1024,0.5,0,0.0001195209295019595,0.2237526586538934,6.215351629274816e-05
1024,1,0,0.0001798939631498797,0.2968701016676505,8.246391712990292e-05
1024,2,0,0.000301404262700089,0.4656802083246703,0.0001293556134235195
1024,4,0,0.0005437758372863755,0.8136405652514895,0.0002260112681254137
1024,8,0,0.001034683240050072,1.539485614276032,0.0004276348928544533
1024,16,0,0.002010905478755376,2.993606159983756,0.0008315572666621544
1024,32,0,0.003963945410987435,5.944592965670722,0.001651275823797423
1024,64,0,0.007870174139497976,11.85912713139567,0.003294201980943241
1024,128,0,0.01561827796649595,23.6932403862055,0.006581455662834862
1024,256,0,0.03123655593299191,47.373988591895,0.01315944127552639
1024,512,0,0.06259518217848381,94.73542322947139,0.02631539534151983
1024,1024,0,0.1250682940442402,189.4677909856059,0.05262994194044609
1024,2048,0,0.2502586584009805,378.9303397512771,0.1052584277086881
1024,4096,0,0.5003952464896884,757.8617439622118,0.2105171511006144
1024,8192,0,1.000790492979377,1515.719460742898,0.421033183539694
1024,16384,0,2.001580985958753,3031.435484580001,0.8420654123833335
1024,32768,0,4.00316197191728,6062.841220362825,1.684122561211896
1024,65536,0,8.006446014147059,12125.62479997598,3.368229111104439
1024,131072,0,16.01289202829412,24251.2017355631,6.736444926545304
1024,262144,0,32.02578405658824,48502.24446639046,13.47284568510846
1024,524288,0,64.05156811317647,97004.21562925357,26.94561545257044
1024,1048576,0,128.1031362263529,194007.6004367797,53.89100012132769
1024,2097152,0,256.2062724527059,388014.9104476993,107.7819195688053
1024,4194304,0,512.4125449054118,776028.520824997,215.5634780069436
1024,8388608,0,1024.825089810824,1552058.062919026,431.1272396997294
2048,0.25,0,0.0001517983537269174,0.3863407218070734,0.0001073168671686315
2048,0.5,0,0.0001808576143957907,0.3994281029054036,0.0001109522508070566
2048,1,0,0.0002390418590039189,0.4475053173077868,0.0001243070325854963
2048,2,0,0.0003597879262997594,0.593740203335301,0.0001649278342598058
2048,4,0,0.000602808525400178,0.9313604166493406,0.000258711226847039
2048,8,0,0.001087551674572751,1.627281130502979,0.0004520225362508275
2048,16,0,0.002069366480100143,3.078971228552064,0.0008552697857089065
2048,32,0,0.004021810957510752,5.987212319967512,0.001663114533324309
2048,64,0,0.00792789082197487,11.88918593134144,0.003302551647594846
2048,128,0,0.01574034827899595,23.71825426279133,0.006588403961886482
2048,256,0,0.03123655593299191,47.38648077241101,0.01316291132566972
2048,512,0,0.06247311186598381,94.74797718379,0.02631888255105278
2048,1024,0,0.1251903643569676,189.4708464589428,0.05263079068303966
2048,2048,0,0.2501365880884805,378.9355819712118,0.1052598838808922
2048,4096,0,0.500517316801961,757.8606795025541,0.2105168554173762
2048,8192,0,1.000790492979377,1515.723487924424,0.4210343022012288
2048,16384,0,2.001580985958753,3031.438921485797,0.842066367079388
2048,32768,0,4.003161971917507,6062.870969160002,1.684130824766667
2048,65536,0,8.006323943834559,12125.68244072565,3.368245122423791
2048,131072,0,16.01289202829412,24251.24959995196,6.736458222208878
2048,262144,0,32.02578405658824,48502.40347112619,13.47288985309061
2048,524288,0,64.05156811317647,97004.48893278092,26.94569137021692
2048,1048576,0,128.1031362263529,194008.4312585071,53.89123090514087
2048,2097152,0,256.2062724527059,388015.2008735593,107.7820002426554
2048,4194304,0,512.4125449054118,776029.8208953985,215.5638391376107
2048,8388608,0,1024.825089810824,1552057.041649994,431.1269560138872
4096,0.25,0,0.0002732740676947287,0.7648628005367755,0.0002124618890379932
4096,0.5,0,0.0003035967074538348,0.7726814436141467,0.000214633734337263
4096,1,0,0.0003617152287915815,0.7988562058108073,0.0002219045016141131
4096,2,0,0.0004780837180078379,0.8950106346155735,0.0002486140651709927
4096,4,0,0.0007195758525995188,1.187480406670602,0.0003298556685196117
4096,8,0,0.001205617050800356,1.862720833298681,0.0005174224536940781
4096,16,0,0.002175103349145502,3.254562261005958,0.000904045072501655
4096,32,0,0.004138732960200286,6.157942457104127,0.001710539571417813
4096,64,0,0.008043621915021504,11.97442463993502,0.003326229066648618
4096,128,0,0.01585578164394974,23.77837186268289,0.006605103295189691
4096,256,0,0.03148069655799191,47.43650852558267,0.01317680792377296
4096,512,0,0.06247311186598381,94.77296154482201,0.02632582265133945
4096,1024,0,0.1249462237319676,189.49595436758,0.05263776510210556
4096,2048,0,0.2503807287139352,378.9416929178856,0.1052615813660793
4096,4096,0,0.500273176176961,757.8711639424237,0.2105197677617844
4096,8192,0,1.001034633603922,1515.721359005108,0.4210337108347523
4096,16384,0,2.001580985958753,3031.446975848847,0.8420686044024576
4096,32768,0,4.003161971917507,6062.877842971593,1.684132734158776
4096,65536,0,8.006323943835014,12125.74193832,3.368261649533334
4096,131072,0,16.01264788766912,24251.3648814513,6.736490244847583
4096,262144,0,32.02578405658824,48502.49919990392,13.47291644441776
4096,524288,0,64.05156811317647,97004.80694225238,26.94577970618122
4096,1048576,0,128.1031362263529,194008.9778655618,53.89138274043385
4096,2097152,0,256.2062724527059,388016.8625170143,107.7824618102817
4096,4194304,0,512.4125449054118,776030.4017471187,215.5640004853107
4096,8388608,0,1024.825089810824,1552059.641790797,431.1276782752214
8192,0.25,0,0.0005151276345713995,1.519846953909109,0.000422179709419197
8192,0.5,0,0.0005465481353894575,1.529725601073551,0.0004249237780759864
8192,1,0,0.0006071934149076696,1.545362887228293,0.0004292674686745259
8192,2,0,0.0007234304575831629,1.597712411621615,0.0004438090032282263
8192,4,0,0.0009561674360156758,1.790021269231147,0.0004972281303419853
8192,8,0,0.001439151705199038,2.374960813341204,0.0006597113370392234
8192,16,0,0.002411234101600712,3.725441666597362,0.001034844907388156
8192,32,0,0.004350206698291004,6.509124522011916,0.00180809014500331
8192,64,0,0.008277465920400573,12.31588491420825,0.003421079142835626
8192,128,0,0.01608724383004301,23.94884927987005,0.006652458133297235
8192,256,0,0.03171156328789948,47.55674372536578,0.01321020659037938
8192,512,0,0.06296139311598381,94.87301705116533,0.02635361584754593
8192,1024,0,0.1249462237319676,189.545923089644,0.05265164530267889
8192,2048,0,0.2498924474639352,378.99190873516,0.1052755302042111
8192,4096,0,0.5007614574278705,757.8833858357712,0.2105231627321587
8192,8192,0,1.000546352353922,1515.742327884847,0.4210395355235687
8192,16384,0,2.002069267207844,3031.442718010217,0.8420674216695047
8192,32768,0,4.003161971917507,6062.893951697694,1.684137208804915
8192,65536,0,8.006323943835014,12125.75568594319,3.368265468317552
8192,131072,0,16.01264788767003,24251.48387664001,6.736523299066668
8192,262144,0,32.02529577533824,48502.7297629026,13.47298048969517
8192,524288,0,64.05156811317647,97004.99839980784,26.94583288883551
8192,1048576,0,128.1031362263529,194009.6138845048,53.89155941236243
8192,2097152,0,256.2062724527059,388017.9557311237,107.7827654808677
8192,4194304,0,512.4125449054118,776033.7250340285,215.5649236205635
8192,8388608,0,1024.825089810824,1552060.803494237,431.1280009706215
16384,0.25,0,0.001004225854558172,3.024757114553722,0.0008402103095982562
16384,0.5,0,0.001030255269142799,3.039693907818219,0.000844359418838394
16384,1,0,0.001093096270778915,3.059451202147102,0.0008498475561519727
16384,2,0,0.001214386829815339,3.090725774456587,0.0008585349373490519
16384,4,0,0.001446860915166326,3.195424823243229,0.0008876180064564525
16384,8,0,0.001912334872031352,3.580042538462294,0.0009944562606839706
16384,16,0,0.002878303410398075,4.749921626682408,0.001319422674078447
16384,32,0,0.004822468203201424,7.450883333194724,0.002069689814776312
16384,64,0,0.008700413396582007,13.01824904402383,0.00361618029000662
16384,128,0,0.01655493184080115,24.63176982841651,0.006842158285671252
16384,256,0,0.03217448766008602,47.89769855974009,0.01330491626659447
16384,512,0,0.06342312657579896,95.11348745073155,0.02642041318075877
16384,1024,0,0.1259227862319676,189.7460341023307,0.05270723169509185
16384,2048,0,0.2498924474639352,379.091846179288,0.1053032906053578
16384,4096,0,0.4997848949278705,757.98381747032,0.2105510604084222
16384,8192,0,1.001522914855741,1515.766771671542,0.4210463254643173
16384,16384,0,2.001092704707844,3031.484655769695,0.8420790710471374
16384,32768,0,4.004138534415688,6062.885436020433,1.684134843339009
16384,65536,0,8.006323943835014,12125.78790339539,3.36827441760983
16384,131072,0,16.01264788767003,24251.51137188637,6.736530936635104
16384,262144,0,32.02529577534006,48502.96775328001,13.47304659813334
16384,524288,0,64.05059155067647,97005.4595258052,26.94596097939033
16384,1048576,0,128.1031362263529,194009.9967996157,53.89166577767102
16384,2097152,0,256.2062724527059,388019.2277690095,107.7831188247249
16384,4194304,0,512.4125449054118,776035.9114622474,215.5655309617354
16384,8388608,0,1024.825089810824,1552067.450068057,431.129847241127
32768,0.25,0,0.001960800764209125,6.003659360198071,0.001667683155610575
32768,0.5,0,0.002008451709116343,6.049514229107444,0.001680420619196512
32768,1,0,0.002060510538285598,6.079387815636437,0.001688718837676788
32768,2,0,0.00218619254155783,6.118902404294204,0.001699695112303945
32768,4,0,0.002428773659630679,6.181451548913174,0.001717069874698104
32768,8,0,0.002893721830332652,6.390849646486458,0.001775236012912905
32768,16,0,0.003824669744062703,7.160085076924588,0.001988912521367941
32768,32,0,0.005756606820796151,9.499843253364816,0.002638845348156893
32768,64,0,0.009644936406402849,14.90176666638945,0.004139379629552625
32768,128,0,0.01740082679316401,26.03649808804767,0.00723236058001324
32768,256,0,0.03310986368160229,49.26353965683302,0.0136843165713425
32768,512,0,0.06434897532017203,95.79539711948019,0.02660983253318894
32768,1024,0,0.1268462531515979,190.2269749014631,0.05284082636151753
32768,2048,0,0.2518455724639352,379.4920682046613,0.1054144633901837
32768,4096,0,0.4997848949278705,758.1836923585761,0.2106065812107156
32768,8192,0,0.999569789855741,1515.96763494064,0.4211021208168444
32768,16384,0,2.003045829711482,3031.533543343085,0.8420926509286346
32768,32768,0,4.002185409415688,6062.969311539389,1.684158142094275
32768,65536,0,8.008277068831376,12125.77087204087,3.368269686678019
32768,131072,0,16.01264788767003,24251.57580679078,6.736548835219661
32768,262144,0,32.02529577534006,48503.02274377274,13.47306187327021
32768,524288,0,64.05059155068011,97005.93550656002,26.94609319626667
32768,1048576,0,128.1011831013529,194010.9190516104,53.89192195878066
32768,2097152,0,256.2062724527059,388019.9935992314,107.783331555342
32768,4194304,0,512.4125449054118,776038.4555380191,215.5662376494497
32768,8388608,0,1024.825089810824,1552071.822924495,431.1310619234708
65536,0.25,0,0.003926900564692914,11.88540550522885,0.003301501529230235
65536,0.5,0,0.00392160152841825,12.00731872039614,0.003335366311221151
65536,1,0,0.004016903418232687,12.09902845821489,0.003360841238393025
65536,2,0,0.004121021076571196,12.15877563127287,0.003377437675353576
65536,4,0,0.00437238508311566,12.23780480858841,0.003399390224607891
65536,8,0,0.004857547319261357,12.36290309782635,0.003434139749396208
65536,16,0,0.005787443660665303,12.78169929297292,0.00355047202582581
65536,32,0,0.007649339488125406,14.32017015384918,0.003977825042735882
65536,64,0,0.0115132136415923,18.99968650672963,0.005277690696313787
65536,128,0,0.0192898728128057,29.8035333327789,0.00827875925910525
65536,256,0,0.03480165358632803,52.07299617609533,0.01446472116002648
65536,512,0,0.06621972736320458,98.52707931366604,0.02736863314268501
65536,1024,0,0.1286979506403441,191.5907942389604,0.05321966506637788
65536,2048,0,0.2536925063031958,380.4539498029262,0.1056816527230351
65536,4096,0,0.5036911449278705,758.9841364093227,0.2108289267803674
65536,8192,0,0.999569789855741,1516.367384717152,0.4212131624214311
65536,16384,0,1.999139579711482,3031.93526988128,0.8422042416336889
65536,32768,0,4.006091659422964,6063.067086686169,1.684185301857269
65536,65536,0,8.004370818831376,12125.93862307878,3.36831628418855
65536,131072,0,16.01655413766275,24251.54174408173,6.736539373356037
65536,262144,0,32.02529577534006,48503.15161358155,13.47309767043932
65536,524288,0,64.05059155068011,97006.04548754549,26.94612374654042
65536,1048576,0,128.1011831013602,194011.87101312,53.89218639253335
65536,2097152,0,256.2023662027059,388021.8381032208,107.7838439175613
65536,4194304,0,512.4125449054118,776039.9871984627,215.5666631106841
65536,8388608,0,1024.825089810824,1552076.911076038,431.1324752988995
131072,0.25,0,0.007835076365154237,23.42316967833904,0.006506436021760843
131072,0.5,0,0.007853801129385829,23.77081101045769,0.00660300305846047
131072,1,0,0.007843203056836501,24.01463744079228,0.006670732622442301
131072,2,0,0.008033806836465374,24.19805691642978,0.00672168247678605
131072,4,0,0.008242042153142393,24.31755126254575,0.006754875350707152
131072,8,0,0.008744770166231319,24.47560961717681,0.006798780449215782
131072,16,0,0.009715094638522714,24.72580619565269,0.006868279498792415
131072,32,0,0.01157488732133061,25.56339858594583,0.00710094405165162
131072,64,0,0.01529867897625081,28.64034030769835,0.007955650085471765
131072,128,0,0.0230264272831846,37.99937301345926,0.01055538139262757
131072,256,0,0.03857974562561139,59.6070666655578,0.0165575185182105
131072,512,0,0.06960330717265606,104.1459923521907,0.02892944232005296
131072,1024,0,0.1324394547264092,197.0541586273321,0.05473726628537002
131072,2048,0,0.2573959012806881,383.1815884779207,0.1064393301327558
131072,4096,0,0.5073850126063917,760.9078996058524,0.2113633054460701
131072,8192,0,1.007382289855741,1517.968272818645,0.4216578535607348
131072,16384,0,1.999139579711482,3032.734769434304,0.8424263248428623
131072,32768,0,3.998279159422964,6063.87053976256,1.684408483267378
131072,65536,0,8.012183318845928,12126.13417337234,3.368370603714538
131072,131072,0,16.00874163766275,24251.87724615756,6.736632568377099
131072,262144,0,32.0331082753255,48503.08348816347,13.47307874671207
131072,524288,0,64.05059155068011,97006.30322716311,26.94619534087864
131072,1048576,0,128.1011831013602,194012.090975091,53.89224749308083
131072,2097152,0,256.2023662027204,388023.7420262401,107.7843727850667
131072,4194304,0,512.4047324054118,776043.6762064416,215.5676878351227
131072,8388608,0,1024.825089810824,1552079.974396925,431.1333262213682
262144,0.25,0,0.01560354523826391,45.86682016451959,0.01274078337903322
262144,0.5,0,0.01567015273030847,46.84633935667807,0.01301287204352169
262144,1,0,0.01570760225877166,47.54162202091538,0.01320600611692094
262144,2,0,0.015686406113673,48.02927488158457,0.0133414652448846
262144,4,0,0.01606761367293075,48.39611383285956,0.0134433649535721
262144,8,0,0.01648408430628479,48.6351025250915,0.0135097507014143
262144,16,0,0.01748954033246264,48.95121923435363,0.01359756089843156
262144,32,0,0.01943018927704543,49.45161239130539,0.01373655899758483
262144,64,0,0.02314977464266121,51.12679717189167,0.01420188810330324
262144,128,0,0.03059735795250162,57.2806806153967,0.01591130017094353
262144,256,0,0.04605285456636921,75.99874602691852,0.02111076278525515
262144,512,0,0.07715949125122279,119.2141333311156,0.033115037036421
262144,1024,0,0.1392066143453121,208.2919847043813,0.05785888464010592
262144,2048,0,0.2648789094528183,394.1083172546641,0.10947453257074
262144,4096,0,0.5147918025613762,766.3631769558415,0.2128786602655115
262144,8192,0,1.014770025212783,1521.815799211705,0.4227266108921403
262144,16384,0,2.014764579711482,3035.936545637291,0.8433157071214696
262144,32768,0,3.998279159422964,6065.469538868609,1.684852649685725
262144,65536,0,7.996558318845928,12127.74107952512,3.368816966534756
262144,131072,0,16.02436663769186,24252.26834674468,6.736741207429077
262144,262144,0,32.0174832753255,48503.75449231511,13.4732651367542
262144,524288,0,64.06621655065101,97006.16697632693,26.94615749342415
262144,1048576,0,128.1011831013602,194012.6064543262,53.89239068175728
262144,2097152,0,256.2023662027204,388024.181950182,107.7844949861617
262144,4194304,0,512.4047324054409,776047.4840524802,215.5687455701334
262144,8388608,0,1024.809464810824,1552087.352412883,431.1353756702453
524288,0.25,0,0.03123938746284693,88.97815749631263,0.02471615486008684
524288,0.5,0,0.03120709047652781,91.73364032903919,0.02548156675806644
524288,1,0,0.03134030546061695,93.69267871335614,0.02602574408704337
524288,2,0,0.03141520451754332,95.08324404183077,0.02641201223384188
524288,4,0,0.031372812227346,96.05854976316914,0.0266829304897692
524288,8,0,0.03213522734586149,96.79222766571911,0.0268867299071442
524288,16,0,0.03296816861256957,97.27020505018299,0.02701950140282861
524288,32,0,0.03497908066492528,97.90243846870726,0.02719512179686313
524288,64,0,0.03886037855409086,98.90322478261078,0.02747311799516966
524288,128,0,0.04629954928532243,102.2535943437833,0.02840377620660648
524288,256,0,0.06119471590500325,114.5613612307934,0.03182260034188706
524288,512,0,0.09210570913273841,151.997492053837,0.04222152557051029
524288,1024,0,0.1543189825024456,238.4282666622312,0.066230074072842
524288,2048,0,0.2784132286906242,416.5839694087626,0.1157177692802118
524288,4096,0,0.5297578189056367,788.2166345093283,0.2189490651414801
524288,8192,0,1.029583605122752,1532.726353911683,0.4257573205310231
524288,16384,0,2.029540050425567,3043.63159842341,0.8454532217842805
524288,32768,0,4.029529159422964,6071.873091274581,1.686631414242939
524288,65536,0,7.996558318845928,12130.93907773722,3.369705299371449
524288,131072,0,15.99311663769186,24255.48215905024,6.737633933069511
524288,262144,0,32.04873327538371,48504.53669348935,13.47348241485815
524288,524288,0,64.03496655065101,97007.50898463023,26.9465302735084
524288,1048576,0,128.132433101302,194012.3339526539,53.8923149868483
524288,2097152,0,256.2023662027204,388025.2129086524,107.7847813635146
524288,4194304,0,512.4047324054409,776048.3639003639,215.5689899723233
524288,8388608,0,1024.809464810882,1552094.96810496,431.1374911402668
1048576,0.25,0,0.06247223261743784,170.2448311074404,0.04729023086317789
1048576,0.5,0,0.06247877492569387,177.9563149926253,0.04943230972017369
1048576,1,0,0.06241418095305562,183.4672806580784,0.05096313351613288
1048576,2,0,0.06268061092123389,187.3853574267123,0.05205148817408674
1048576,4,0,0.06283040903508663,190.1664880836615,0.05282402446768376
1048576,8,0,0.06274562445469201,192.1170995263383,0.05336586097953841
1048576,16,0,0.06427045469172299,193.5844553314382,0.0537734598142884
1048576,32,0,0.06593633722513914,194.540410100366,0.05403900280565722
1048576,64,0,0.06995816132985055,195.8048769374145,0.05439024359372625
1048576,128,0,0.07772075710818172,197.8064495652216,0.05494623599033932
1048576,256,0,0.09259909857064486,204.5071886875667,0.05680755241321296
1048576,512,0,0.1223894318100065,229.1227224615868,0.06364520068377412
1048576,1024,0,0.1842114182654768,303.9949841076741,0.08444305114102059
1048576,2048,0,0.3086379650048912,476.8565333244624,0.132460148145684
1048576,4096,0,0.5568264573812485,833.1679388175253,0.2314355385604237
1048576,8192,0,1.059515637811273,1576.433269018657,0.4378981302829602
1048576,16384,0,2.059167210245505,3065.452707823366,0.8515146410620461
1048576,32768,0,4.059080100851133,6087.263196846819,1.690906443568561
1048576,65536,0,8.059058318845928,12143.74618254916,3.373262828485879
1048576,131072,0,15.99311663769186,24261.87815547443,6.739410598742898
1048576,262144,0,31.98623327538371,48510.96431810048,13.47526786613902
1048576,524288,0,64.09746655076742,97009.07338697871,26.94696482971631
1048576,1048576,0,128.069933101302,194015.0179692605,53.89306054701679
1048576,2097152,0,256.264866202604,388024.6679053077,107.7846299736966
1048576,4194304,0,512.4047324054409,776050.4258173049,215.5695627270291
1048576,8388608,0,1024.809464810882,1552096.727800728,431.1379799446466
2097152,0.25,0,0.125,319.1619796019513,0.08865610544498648
2097152,0.5,0,0.1249444652348757,340.4896622148808,0.09458046172635579
2097152,1,0,0.1249575498513877,355.9126299852505,0.09886461944034737
2097152,2,0,0.1248283619061112,366.9345613161568,0.1019262670322658
2097152,4,0,0.1253612218424678,374.7707148534246,0.1041029763481735
2097152,8,0,0.1256608180701733,380.3329761673231,0.1056480489353675
2097152,16,0,0.125491248909384,384.2341990526766,0.1067317219590768
2097152,32,0,0.128540909383446,387.1689106628764,0.1075469196285768
2097152,64,0,0.1318726744502783,389.080820200732,0.1080780056113144
2097152,128,0,0.1399163226597011,391.609753874829,0.1087804871874525
2097152,256,0,0.1554415142163634,395.6128991304431,0.1098924719806786
2097152,512,0,0.1851981971412897,409.0143773751333,0.1136151048264259
2097152,1024,0,0.244778863620013,458.2454449231736,0.1272904013675482
2097152,2048,0,0.3684228365309536,607.9899682153482,0.1688861022820412
2097152,4096,0,0.6172759300097823,953.7130666489247,0.264920296291368
2097152,8192,0,1.113652914762497,1666.335877635051,0.4628710771208474
2097152,16384,0,2.119031275622547,3152.866538037313,0.8757962605659203
2097152,32768,0,4.11833442049101,6130.905415646732,1.703029282124092
2097152,65536,0,8.118160201702267,12174.52639369364,3.381812887137122
2097152,131072,0,16.11811663769186,24287.49236509833,6.746525656971757
2097152,262144,0,31.98623327538371,48523.75631094887,13.4788211974858
2097152,524288,0,63.97246655076742,97021.92863620096,26.95053573227804
2097152,1048576,0,128.1949331015348,194018.1467739574,53.89392965943262
2097152,2097152,0,256.139866202604,388030.0359385209,107.7861210940336
2097152,4194304,0,512.5297324052081,776049.3358106154,215.5692599473932
2097152,8388608,0,1024.809464810882,1552100.85163461,431.1391254540583
4194304,0.25,0,0.25,949.8445431115106,0.263845706419864
4194304,0.5,0,0.25,638.3239592039026,0.177312210889973
4194304,1,0,0.2498889304697514,680.9793244297616,0.1891609234527116
4194304,2,0,0.2499150997027755,711.8252599705011,0.1977292388806947
4194304,4,0,0.2496567238122225,733.8691226323135,0.2038525340645315
4194304,8,0,0.2507224436849356,749.5414297068492,0.208205952696347
4194304,16,0,0.2513216361403465,760.6659523346461,0.211296097870735
4194304,32,0,0.250982497818768,768.4683981053531,0.2134634439181536
4194304,64,0,0.257081818766892,774.3378213257529,0.2150938392571536
4194304,128,0,0.2637453489005566,778.161640401464,0.2161560112226289
4194304,256,0,0.2798326453194022,783.2195077496581,0.217560974374905
4194304,512,0,0.3108830284327269,791.2257982608862,0.2197849439613573
4194304,1024,0,0.3703963942825794,818.0287547502667,0.2272302096528518
4194304,2048,0,0.489557727240026,916.4908898463473,0.2545808027350965
4194304,4096,0,0.7368456730619073,1215.979936430696,0.3377722045640824
4194304,8192,0,1.234551860019565,1907.426133297849,0.529840592582736
4194304,16384,0,2.227305829524994,3332.671755270101,0.9257421542416947
4194304,32768,0,4.238062551245093,6305.733076074626,1.751592521131841
4194304,65536,0,8.23666884098202,12261.81083129346,3.406058564248184
4194304,131072,0,16.23632040340453,24349.05278738728,6.763625774274244
4194304,262144,0,32.23623327538371,48574.98473019665,13.49305131394351
4194304,524288,0,63.97246655076742,97047.51262189774,26.95764239497159
4194304,1048576,0,127.9449331015348,194043.8572724019,53.90107146455609
4194304,2097152,0,256.3898662030697,388036.2935479148,107.7878593188652
4194304,4194304,0,512.2797324052081,776060.0718770418,215.5722421880672
4194304,8388608,0,1025.059464810416,1552098.671621231,431.1385198947864
8388608,0.25,0,0.25,1145.915517453104,0.3183098659591956
8388608,0.5,0,0.5,1899.689086223021,0.5276914128397281
8388608,1,0,0.5,1276.647918407805,0.3546244217799459
8388608,2,0,0.4997778609395027,1361.958648859523,0.3783218469054231
8388608,4,0,0.499830199405551,1423.650519941002,0.3954584777613895
8388608,8,0,0.499313447624445,1467.738245264627,0.407705068129063
8388608,16,0,0.5014448873698711,1499.082859413698,0.416411905392694
8388608,32,0,0.5026432722806931,1521.331904669292,0.4225921957414701
8388608,64,0,0.501964995637536,1536.936796210706,0.4269268878363073
8388608,128,0,0.5141636375337839,1548.675642651506,0.4301876785143072
8388608,256,0,0.5274906978011131,1556.323280802928,0.4323120224452577
8388608,512,0,0.5596652906388044,1566.439015499316,0.43512194874981
8388608,1024,0,0.6217660568654537,1582.451596521772,0.4395698879227146
8388608,2048,0,0.7407927885651588,1636.057509500533,0.4544604193057037
8388608,4096,0,0.979115454480052,1832.981779692695,0.509161605470193
8388608,8192,0,1.473691346123815,2431.959872861393,0.6755444091281647
8388608,16384,0,2.469103720039129,3814.852266595699,1.059681185165472
8388608,32768,0,4.454611659049988,6665.343510540202,1.851484308483389
8388608,65536,0,8.476125102490187,12611.46615214925,3.503185042263681
8388608,131072,0,16.47333768196404,24523.62166258693,6.812117128496369
8388608,262144,0,32.47264080680907,48698.10557477456,13.52725154854849
8388608,524288,0,64.47246655076742,97149.9694603933,26.98610262788703
8388608,1048576,0,127.9449331015348,194095.0252437955,53.91528478994319
8388608,2097152,0,255.8898662030697,388087.7145448038,107.8021429291122
8388608,4194304,0,512.7797324061394,776072.5870958297,215.5757186377305
8388608,8388608,0,1024.559464810416,1552120.143754084,431.1444843761344
