offset			,radius			,minErrorPerVert,maxErrorPerVert,totalError		,averageError	
0.25,0.25,8.887983293792701e-09,0.002302685942338262,2.436515181164181,0.0006768097725456059
0.25,0.5,1.77759665875854e-08,0.004605371884676523,4.873030362328373,0.001353619545091215
0.25,1,3.55519331751708e-08,0.009210743769353047,9.746060724656738,0.002707239090182427
0.25,2,7.11038663503416e-08,0.01842148753870609,19.49212144931352,0.005414478180364867
0.25,4,1.422077327006832e-07,0.03684297507741219,38.98424289862702,0.01082895636072973
0.25,8,2.844154654013664e-07,0.07368595015482438,77.96848579725405,0.02165791272145946
0.25,16,5.688309308027328e-07,0.1473719003096488,155.9369715945082,0.04331582544291893
0.25,32,1.137661861605466e-06,0.2947438006192975,311.8739431890163,0.08663165088583787
0.25,64,2.275323723210931e-06,0.589487601238595,623.7478863780326,0.1732633017716757
0.25,128,4.550647446421863e-06,1.17897520247719,1247.495772756065,0.3465266035433513
0.25,256,9.101294892843725e-06,2.35795040495438,2494.99154551213,0.6930532070867029
0.25,512,1.820258978568745e-05,4.71590080990876,4989.983091024261,1.386106414173406
0.25,1024,3.64051795713749e-05,9.43180161981752,9979.966182048522,2.772212828346812
0.25,2048,7.28103591427498e-05,18.86360323963504,19959.93236409704,5.544425656693623
0.25,4096,0.0001456207182854996,37.72720647927008,39919.86472819409,11.08885131338725
0.25,8192,0.0002912414365709992,75.45441295854016,79839.72945638817,22.17770262677449
0.25,16384,0.0005824828731419984,150.9088259170803,159679.4589127763,44.35540525354899
0.25,32768,0.001164965746283997,301.8176518341606,319358.9178255527,88.71081050709797
0.25,65536,0.002329931492567994,603.6353036683213,638717.8356511054,177.4216210141959
0.25,131072,0.004659862985135987,1207.270607336643,1277435.671302211,354.8432420283919
0.25,262144,0.009319725970271975,2414.541214673285,2554871.342604422,709.6864840567838
0.25,524288,0.01863945194054395,4829.08242934657,5109742.685208843,1419.372968113568
0.25,1048576,0.0372789038810879,9658.164858693141,10219485.37041769,2838.745936227135
0.25,2097152,0.0745578077621758,19316.32971738628,20438970.74083537,5677.49187245427
0.25,4194304,0.1491156155243516,38632.65943477256,40877941.48167074,11354.98374490854
0.25,8388608,0.2982312310487032,77265.31886954512,81755882.96334149,22709.96748981708
0.5,0.25,8.887983238281549e-09,0.002302685942338289,2.43651518116419,0.0006768097725456084
0.5,0.5,1.77759665875854e-08,0.004605371884676523,4.873030362328363,0.001353619545091212
0.5,1,3.55519331751708e-08,0.009210743769353047,9.746060724656747,0.00270723909018243
0.5,2,7.11038663503416e-08,0.01842148753870609,19.49212144931348,0.005414478180364854
0.5,4,1.422077327006832e-07,0.03684297507741219,38.98424289862704,0.01082895636072973
0.5,8,2.844154654013664e-07,0.07368595015482438,77.96848579725405,0.02165791272145946
0.5,16,5.688309308027328e-07,0.1473719003096488,155.9369715945081,0.04331582544291891
0.5,32,1.137661861605466e-06,0.2947438006192975,311.8739431890163,0.08663165088583787
0.5,64,2.275323723210931e-06,0.589487601238595,623.7478863780326,0.1732633017716757
0.5,128,4.550647446421863e-06,1.17897520247719,1247.495772756065,0.3465266035433515
0.5,256,9.101294892843725e-06,2.35795040495438,2494.99154551213,0.6930532070867026
0.5,512,1.820258978568745e-05,4.71590080990876,4989.983091024261,1.386106414173406
0.5,1024,3.64051795713749e-05,9.43180161981752,9979.966182048522,2.772212828346812
0.5,2048,7.28103591427498e-05,18.86360323963504,19959.93236409704,5.544425656693623
0.5,4096,0.0001456207182854996,37.72720647927008,39919.86472819409,11.08885131338725
0.5,8192,0.0002912414365709992,75.45441295854016,79839.72945638817,22.17770262677449
0.5,16384,0.0005824828731419984,150.9088259170803,159679.4589127763,44.35540525354899
0.5,32768,0.001164965746283997,301.8176518341606,319358.9178255527,88.71081050709797
0.5,65536,0.002329931492567994,603.6353036683213,638717.8356511054,177.4216210141959
0.5,131072,0.004659862985135987,1207.270607336643,1277435.671302211,354.8432420283919
0.5,262144,0.009319725970271975,2414.541214673285,2554871.342604422,709.6864840567838
0.5,524288,0.01863945194054395,4829.08242934657,5109742.685208843,1419.372968113568
0.5,1048576,0.0372789038810879,9658.164858693141,10219485.37041769,2838.745936227135
0.5,2097152,0.0745578077621758,19316.32971738628,20438970.74083537,5677.49187245427
0.5,4194304,0.1491156155243516,38632.65943477256,40877941.48167074,11354.98374490854
0.5,8388608,0.2982312310487032,77265.31886954512,81755882.96334149,22709.96748981708
1,0.25,8.887983238281549e-09,0.002302685942338289,2.436515181164197,0.0006768097725456102
1,0.5,1.77759664765631e-08,0.004605371884676579,4.873030362328381,0.001353619545091217
1,1,3.55519331751708e-08,0.009210743769353047,9.746060724656726,0.002707239090182424
1,2,7.11038663503416e-08,0.01842148753870609,19.49212144931349,0.00541447818036486
1,4,1.422077327006832e-07,0.03684297507741219,38.98424289862695,0.01082895636072971
1,8,2.844154654013664e-07,0.07368595015482438,77.96848579725408,0.02165791272145947
1,16,5.688309308027328e-07,0.1473719003096488,155.9369715945081,0.04331582544291891
1,32,1.137661861605466e-06,0.2947438006192975,311.8739431890162,0.08663165088583782
1,64,2.275323723210931e-06,0.589487601238595,623.7478863780326,0.1732633017716757
1,128,4.550647446421863e-06,1.17897520247719,1247.495772756065,0.3465266035433515
1,256,9.101294892843725e-06,2.35795040495438,2494.99154551213,0.6930532070867029
1,512,1.820258978568745e-05,4.71590080990876,4989.983091024259,1.386106414173405
1,1024,3.64051795713749e-05,9.43180161981752,9979.966182048522,2.772212828346812
1,2048,7.28103591427498e-05,18.86360323963504,19959.93236409704,5.544425656693623
1,4096,0.0001456207182854996,37.72720647927008,39919.86472819409,11.08885131338725
1,8192,0.0002912414365709992,75.45441295854016,79839.72945638817,22.17770262677449
1,16384,0.0005824828731419984,150.9088259170803,159679.4589127763,44.35540525354899
1,32768,0.001164965746283997,301.8176518341606,319358.9178255527,88.71081050709797
1,65536,0.002329931492567994,603.6353036683213,638717.8356511054,177.4216210141959
1,131072,0.004659862985135987,1207.270607336643,1277435.671302211,354.8432420283919
1,262144,0.009319725970271975,2414.541214673285,2554871.342604422,709.6864840567838
1,524288,0.01863945194054395,4829.08242934657,5109742.685208843,1419.372968113568
1,1048576,0.0372789038810879,9658.164858693141,10219485.37041769,2838.745936227135
1,2097152,0.0745578077621758,19316.32971738628,20438970.74083537,5677.49187245427
1,4194304,0.1491156155243516,38632.65943477256,40877941.48167074,11354.98374490854
1,8388608,0.2982312310487032,77265.31886954512,81755882.96334149,22709.96748981708
2,0.25,8.887983238281549e-09,0.002302685942338067,2.436515181164153,0.0006768097725455981
2,0.5,1.77759664765631e-08,0.004605371884676579,4.873030362328393,0.00135361954509122
2,1,3.55519329531262e-08,0.009210743769353158,9.746060724656761,0.002707239090182434
2,2,7.11038663503416e-08,0.01842148753870609,19.49212144931345,0.005414478180364848
2,4,1.422077327006832e-07,0.03684297507741219,38.98424289862699,0.01082895636072972
2,8,2.844154654013664e-07,0.07368595015482438,77.9684857972539,0.02165791272145942
2,16,5.688309308027328e-07,0.1473719003096488,155.9369715945082,0.04331582544291893
2,32,1.137661861605466e-06,0.2947438006192975,311.8739431890162,0.08663165088583782
2,64,2.275323723210931e-06,0.589487601238595,623.7478863780324,0.1732633017716756
2,128,4.550647446421863e-06,1.17897520247719,1247.495772756065,0.3465266035433515
2,256,9.101294892843725e-06,2.35795040495438,2494.99154551213,0.6930532070867029
2,512,1.820258978568745e-05,4.71590080990876,4989.983091024261,1.386106414173406
2,1024,3.64051795713749e-05,9.43180161981752,9979.966182048518,2.77221282834681
2,2048,7.28103591427498e-05,18.86360323963504,19959.93236409704,5.544425656693623
2,4096,0.0001456207182854996,37.72720647927008,39919.86472819409,11.08885131338725
2,8192,0.0002912414365709992,75.45441295854016,79839.72945638817,22.17770262677449
2,16384,0.0005824828731419984,150.9088259170803,159679.4589127763,44.35540525354899
2,32768,0.001164965746283997,301.8176518341606,319358.9178255527,88.71081050709797
2,65536,0.002329931492567994,603.6353036683213,638717.8356511054,177.4216210141959
2,131072,0.004659862985135987,1207.270607336643,1277435.671302211,354.8432420283919
2,262144,0.009319725970271975,2414.541214673285,2554871.342604422,709.6864840567838
2,524288,0.01863945194054395,4829.08242934657,5109742.685208843,1419.372968113568
2,1048576,0.0372789038810879,9658.164858693141,10219485.37041769,2838.745936227135
2,2097152,0.0745578077621758,19316.32971738628,20438970.74083537,5677.49187245427
2,4194304,0.1491156155243516,38632.65943477256,40877941.48167074,11354.98374490854
2,8388608,0.2982312310487032,77265.31886954512,81755882.96334149,22709.96748981708
4,0.25,8.887982794192339e-09,0.002302685942338289,2.436515181164226,0.0006768097725456183
4,0.5,1.77759664765631e-08,0.004605371884676135,4.873030362328307,0.001353619545091196
4,1,3.55519329531262e-08,0.009210743769353158,9.746060724656786,0.002707239090182441
4,2,7.110386590625239e-08,0.01842148753870632,19.49212144931352,0.005414478180364867
4,4,1.422077327006832e-07,0.03684297507741219,38.9842428986269,0.0108289563607297
4,8,2.844154654013664e-07,0.07368595015482438,77.96848579725398,0.02165791272145944
4,16,5.688309308027328e-07,0.1473719003096488,155.9369715945078,0.04331582544291884
4,32,1.137661861605466e-06,0.2947438006192975,311.8739431890163,0.08663165088583787
4,64,2.275323723210931e-06,0.589487601238595,623.7478863780324,0.1732633017716756
4,128,4.550647446421863e-06,1.17897520247719,1247.495772756065,0.3465266035433513
4,256,9.101294892843725e-06,2.35795040495438,2494.99154551213,0.6930532070867029
4,512,1.820258978568745e-05,4.71590080990876,4989.983091024261,1.386106414173406
4,1024,3.64051795713749e-05,9.43180161981752,9979.966182048522,2.772212828346812
4,2048,7.28103591427498e-05,18.86360323963504,19959.93236409704,5.544425656693621
4,4096,0.0001456207182854996,37.72720647927008,39919.86472819409,11.08885131338725
4,8192,0.0002912414365709992,75.45441295854016,79839.72945638817,22.17770262677449
4,16384,0.0005824828731419984,150.9088259170803,159679.4589127763,44.35540525354899
4,32768,0.001164965746283997,301.8176518341606,319358.9178255527,88.71081050709797
4,65536,0.002329931492567994,603.6353036683213,638717.8356511054,177.4216210141959
4,131072,0.004659862985135987,1207.270607336643,1277435.671302211,354.8432420283919
4,262144,0.009319725970271975,2414.541214673285,2554871.342604422,709.6864840567838
4,524288,0.01863945194054395,4829.08242934657,5109742.685208843,1419.372968113568
4,1048576,0.0372789038810879,9658.164858693141,10219485.37041769,2838.745936227135
4,2097152,0.0745578077621758,19316.32971738628,20438970.74083537,5677.49187245427
4,4194304,0.1491156155243516,38632.65943477256,40877941.48167074,11354.98374490854
4,8388608,0.2982312310487032,77265.31886954512,81755882.96334149,22709.96748981708
8,0.25,8.887983682370759e-09,0.002302685942337845,2.436515181164227,0.0006768097725456185
8,0.5,1.777596558838468e-08,0.004605371884676579,4.873030362328452,0.001353619545091237
8,1,3.55519329531262e-08,0.00921074376935227,9.746060724656614,0.002707239090182393
8,2,7.110386590625239e-08,0.01842148753870632,19.49212144931357,0.005414478180364881
8,4,1.422077318125048e-07,0.03684297507741263,38.98424289862704,0.01082895636072973
8,8,2.844154654013664e-07,0.07368595015482438,77.96848579725381,0.02165791272145939
8,16,5.688309308027328e-07,0.1473719003096488,155.936971594508,0.04331582544291888
8,32,1.137661861605466e-06,0.2947438006192975,311.8739431890156,0.08663165088583767
8,64,2.275323723210931e-06,0.589487601238595,623.7478863780326,0.1732633017716757
8,128,4.550647446421863e-06,1.17897520247719,1247.495772756065,0.3465266035433513
8,256,9.101294892843725e-06,2.35795040495438,2494.99154551213,0.6930532070867026
8,512,1.820258978568745e-05,4.71590080990876,4989.983091024261,1.386106414173406
8,1024,3.64051795713749e-05,9.43180161981752,9979.966182048522,2.772212828346812
8,2048,7.28103591427498e-05,18.86360323963504,19959.93236409704,5.544425656693623
8,4096,0.0001456207182854996,37.72720647927008,39919.86472819407,11.08885131338724
8,8192,0.0002912414365709992,75.45441295854016,79839.72945638817,22.17770262677449
8,16384,0.0005824828731419984,150.9088259170803,159679.4589127763,44.35540525354899
8,32768,0.001164965746283997,301.8176518341606,319358.9178255527,88.71081050709797
8,65536,0.002329931492567994,603.6353036683213,638717.8356511054,177.4216210141959
8,131072,0.004659862985135987,1207.270607336643,1277435.671302211,354.8432420283919
8,262144,0.009319725970271975,2414.541214673285,2554871.342604422,709.6864840567838
8,524288,0.01863945194054395,4829.08242934657,5109742.685208843,1419.372968113568
8,1048576,0.0372789038810879,9658.164858693141,10219485.37041769,2838.745936227135
8,2097152,0.0745578077621758,19316.32971738628,20438970.74083537,5677.49187245427
8,4194304,0.1491156155243516,38632.65943477256,40877941.48167074,11354.98374490854
8,8388608,0.2982312310487032,77265.31886954512,81755882.96334149,22709.96748981708
16,0.25,8.887983682370759e-09,0.002302685942337845,2.436515181164163,0.0006768097725456007
16,0.5,1.777596736474152e-08,0.004605371884675691,4.873030362328453,0.001353619545091237
16,1,3.555193117676936e-08,0.009210743769353158,9.746060724656903,0.002707239090182473
16,2,7.110386590625239e-08,0.01842148753870454,19.49212144931323,0.005414478180364785
16,4,1.422077318125048e-07,0.03684297507741263,38.98424289862714,0.01082895636072976
16,8,2.844154636250096e-07,0.07368595015482526,77.96848579725409,0.02165791272145947
16,16,5.688309308027328e-07,0.1473719003096488,155.9369715945076,0.04331582544291878
16,32,1.137661861605466e-06,0.2947438006192975,311.8739431890159,0.08663165088583775
16,64,2.275323723210931e-06,0.589487601238595,623.7478863780312,0.1732633017716753
16,128,4.550647446421863e-06,1.17897520247719,1247.495772756065,0.3465266035433515
16,256,9.101294892843725e-06,2.35795040495438,2494.99154551213,0.6930532070867026
16,512,1.820258978568745e-05,4.71590080990876,4989.983091024259,1.386106414173405
16,1024,3.64051795713749e-05,9.43180161981752,9979.966182048522,2.772212828346812
16,2048,7.28103591427498e-05,18.86360323963504,19959.93236409704,5.544425656693623
16,4096,0.0001456207182854996,37.72720647927008,39919.86472819409,11.08885131338725
16,8192,0.0002912414365709992,75.45441295854016,79839.72945638814,22.17770262677448
16,16384,0.0005824828731419984,150.9088259170803,159679.4589127763,44.35540525354899
16,32768,0.001164965746283997,301.8176518341606,319358.9178255527,88.71081050709797
16,65536,0.002329931492567994,603.6353036683213,638717.8356511054,177.4216210141959
16,131072,0.004659862985135987,1207.270607336643,1277435.671302211,354.8432420283919
16,262144,0.009319725970271975,2414.541214673285,2554871.342604422,709.6864840567838
16,524288,0.01863945194054395,4829.08242934657,5109742.685208843,1419.372968113568
16,1048576,0.0372789038810879,9658.164858693141,10219485.37041769,2838.745936227135
16,2097152,0.0745578077621758,19316.32971738628,20438970.74083537,5677.49187245427
16,4194304,0.1491156155243516,38632.65943477256,40877941.48167074,11354.98374490854
16,8388608,0.2982312310487032,77265.31886954512,81755882.96334149,22709.96748981708
32,0.25,8.88798012965708e-09,0.002302685942339622,2.436515181164474,0.0006768097725456871
32,0.5,1.777596736474152e-08,0.004605371884675691,4.873030362328326,0.001353619545091201
32,1,3.555193472948304e-08,0.009210743769351382,9.746060724656907,0.002707239090182474
32,2,7.110386235353872e-08,0.01842148753870632,19.49212144931381,0.005414478180364946
32,4,1.422077318125048e-07,0.03684297507740908,38.98424289862646,0.01082895636072957
32,8,2.844154636250096e-07,0.07368595015482526,77.96848579725429,0.02165791272145953
32,16,5.688309272500192e-07,0.1473719003096505,155.9369715945082,0.04331582544291894
32,32,1.137661861605466e-06,0.2947438006192975,311.8739431890152,0.08663165088583756
32,64,2.275323723210931e-06,0.589487601238595,623.7478863780318,0.1732633017716755
32,128,4.550647446421863e-06,1.17897520247719,1247.495772756062,0.3465266035433507
32,256,9.101294892843725e-06,2.35795040495438,2494.99154551213,0.6930532070867029
32,512,1.820258978568745e-05,4.71590080990876,4989.983091024259,1.386106414173405
32,1024,3.64051795713749e-05,9.43180161981752,9979.966182048518,2.77221282834681
32,2048,7.28103591427498e-05,18.86360323963504,19959.93236409704,5.544425656693623
32,4096,0.0001456207182854996,37.72720647927008,39919.86472819409,11.08885131338725
32,8192,0.0002912414365709992,75.45441295854016,79839.72945638817,22.17770262677449
32,16384,0.0005824828731419984,150.9088259170803,159679.4589127763,44.35540525354897
32,32768,0.001164965746283997,301.8176518341606,319358.9178255527,88.71081050709797
32,65536,0.002329931492567994,603.6353036683213,638717.8356511054,177.4216210141959
32,131072,0.004659862985135987,1207.270607336643,1277435.671302211,354.8432420283919
32,262144,0.009319725970271975,2414.541214673285,2554871.342604422,709.6864840567838
32,524288,0.01863945194054395,4829.08242934657,5109742.685208843,1419.372968113568
32,1048576,0.0372789038810879,9658.164858693141,10219485.37041769,2838.745936227135
32,2097152,0.0745578077621758,19316.32971738628,20438970.74083537,5677.49187245427
32,4194304,0.1491156155243516,38632.65943477256,40877941.48167074,11354.98374490854
32,8388608,0.2982312310487032,77265.31886954512,81755882.96334149,22709.96748981708
64,0.25,8.88798012965708e-09,0.002302685942339622,2.436515181163351,0.0006768097725453752
64,0.5,1.777596025931416e-08,0.004605371884679244,4.873030362328947,0.001353619545091374
64,1,3.555193472948304e-08,0.009210743769351382,9.746060724656651,0.002707239090182403
64,2,7.110386945896607e-08,0.01842148753870276,19.49212144931381,0.005414478180364948
64,4,1.422077247070774e-07,0.03684297507741263,38.98424289862761,0.01082895636072989
64,8,2.844154636250096e-07,0.07368595015481816,77.96848579725291,0.02165791272145914
64,16,5.688309272500192e-07,0.1473719003096505,155.9369715945086,0.04331582544291905
64,32,1.137661854500038e-06,0.2947438006193011,311.8739431890164,0.08663165088583788
64,64,2.275323723210931e-06,0.589487601238595,623.7478863780304,0.1732633017716751
64,128,4.550647446421863e-06,1.17897520247719,1247.495772756064,0.346526603543351
64,256,9.101294892843725e-06,2.35795040495438,2494.991545512125,0.6930532070867014
64,512,1.820258978568745e-05,4.71590080990876,4989.983091024261,1.386106414173406
64,1024,3.64051795713749e-05,9.43180161981752,9979.966182048518,2.77221282834681
64,2048,7.28103591427498e-05,18.86360323963504,19959.93236409704,5.544425656693621
64,4096,0.0001456207182854996,37.72720647927008,39919.86472819409,11.08885131338725
64,8192,0.0002912414365709992,75.45441295854016,79839.72945638817,22.17770262677449
64,16384,0.0005824828731419984,150.9088259170803,159679.4589127763,44.35540525354899
64,32768,0.001164965746283997,301.8176518341606,319358.9178255526,88.71081050709793
64,65536,0.002329931492567994,603.6353036683213,638717.8356511054,177.4216210141959
64,131072,0.004659862985135987,1207.270607336643,1277435.671302211,354.8432420283919
64,262144,0.009319725970271975,2414.541214673285,2554871.342604422,709.6864840567838
64,524288,0.01863945194054395,4829.08242934657,5109742.685208843,1419.372968113568
64,1048576,0.0372789038810879,9658.164858693141,10219485.37041769,2838.745936227135
64,2097152,0.0745578077621758,19316.32971738628,20438970.74083537,5677.49187245427
64,4194304,0.1491156155243516,38632.65943477256,40877941.48167074,11354.98374490854
64,8388608,0.2982312310487032,77265.31886954512,81755882.96334149,22709.96748981708
128,0.25,8.888008551366511e-09,0.002302685942339622,2.436515181164694,0.0006768097725457483
128,0.5,1.777596025931416e-08,0.004605371884679244,4.873030362326702,0.00135361954509075
128,1,3.555192051862832e-08,0.009210743769358487,9.746060724657895,0.002707239090182749
128,2,7.110386945896607e-08,0.01842148753870276,19.4921214493133,0.005414478180364806
128,4,1.422077389179321e-07,0.03684297507740553,38.98424289862763,0.0108289563607299
128,8,2.844154494141549e-07,0.07368595015482526,77.96848579725523,0.02165791272145979
128,16,5.688309272500192e-07,0.1473719003096363,155.9369715945058,0.04331582544291828
128,32,1.137661854500038e-06,0.2947438006193011,311.8739431890172,0.0866316508858381
128,64,2.275323709000077e-06,0.5894876012386021,623.7478863780327,0.1732633017716758
128,128,4.550647446421863e-06,1.17897520247719,1247.495772756061,0.3465266035433502
128,256,9.101294892843725e-06,2.35795040495438,2494.991545512127,0.693053207086702
128,512,1.820258978568745e-05,4.71590080990876,4989.98309102425,1.386106414173403
128,1024,3.64051795713749e-05,9.43180161981752,9979.966182048522,2.772212828346812
128,2048,7.28103591427498e-05,18.86360323963504,19959.93236409704,5.544425656693621
128,4096,0.0001456207182854996,37.72720647927008,39919.86472819407,11.08885131338724
128,8192,0.0002912414365709992,75.45441295854016,79839.72945638817,22.17770262677449
128,16384,0.0005824828731419984,150.9088259170803,159679.4589127763,44.35540525354899
128,32768,0.001164965746283997,301.8176518341606,319358.9178255527,88.71081050709797
128,65536,0.002329931492567994,603.6353036683213,638717.8356511052,177.4216210141959
128,131072,0.004659862985135987,1207.270607336643,1277435.671302211,354.8432420283919
128,262144,0.009319725970271975,2414.541214673285,2554871.342604422,709.6864840567838
128,524288,0.01863945194054395,4829.08242934657,5109742.685208843,1419.372968113568
128,1048576,0.0372789038810879,9658.164858693141,10219485.37041769,2838.745936227135
128,2097152,0.0745578077621758,19316.32971738628,20438970.74083537,5677.49187245427
128,4194304,0.1491156155243516,38632.65943477256,40877941.48167074,11354.98374490854
128,8388608,0.2982312310487032,77265.31886954512,81755882.96334149,22709.96748981708
256,0.25,8.88798012965708e-09,0.002302685942339622,2.436515181166271,0.0006768097725461864
256,0.5,1.777601710273302e-08,0.004605371884679244,4.873030362329388,0.001353619545091497
256,1,3.555192051862832e-08,0.009210743769358487,9.746060724653404,0.002707239090181501
256,2,7.110384103725664e-08,0.01842148753871697,19.49212144931579,0.005414478180365497
256,4,1.422077389179321e-07,0.03684297507740553,38.9842428986266,0.01082895636072961
256,8,2.844154778358643e-07,0.07368595015481105,77.96848579725525,0.02165791272145979
256,16,5.688308988283097e-07,0.1473719003096505,155.9369715945105,0.04331582544291957
256,32,1.137661854500038e-06,0.2947438006192726,311.8739431890116,0.08663165088583656
256,64,2.275323709000077e-06,0.5894876012386021,623.7478863780343,0.1732633017716762
256,128,4.550647418000153e-06,1.178975202477204,1247.495772756065,0.3465266035433515
256,256,9.101294892843725e-06,2.35795040495438,2494.991545512122,0.6930532070867005
256,512,1.820258978568745e-05,4.71590080990876,4989.983091024254,1.386106414173404
256,1024,3.64051795713749e-05,9.43180161981752,9979.9661820485,2.772212828346805
256,2048,7.28103591427498e-05,18.86360323963504,19959.93236409704,5.544425656693623
256,4096,0.0001456207182854996,37.72720647927008,39919.86472819407,11.08885131338724
256,8192,0.0002912414365709992,75.45441295854016,79839.72945638814,22.17770262677448
256,16384,0.0005824828731419984,150.9088259170803,159679.4589127763,44.35540525354899
256,32768,0.001164965746283997,301.8176518341606,319358.9178255527,88.71081050709797
256,65536,0.002329931492567994,603.6353036683213,638717.8356511054,177.4216210141959
256,131072,0.004659862985135987,1207.270607336643,1277435.67130221,354.8432420283917
256,262144,0.009319725970271975,2414.541214673285,2554871.342604422,709.6864840567838
256,524288,0.01863945194054395,4829.08242934657,5109742.685208843,1419.372968113568
256,1048576,0.0372789038810879,9658.164858693141,10219485.37041769,2838.745936227135
256,2097152,0.0745578077621758,19316.32971738628,20438970.74083537,5677.49187245427
256,4194304,0.1491156155243516,38632.65943477256,40877941.48167074,11354.98374490854
256,8388608,0.2982312310487032,77265.31886954512,81755882.96334149,22709.96748981708
512,0.25,8.88792328623822e-09,0.0023026859423112,2.436515181166499,0.0006768097725462496
512,0.5,1.777596025931416e-08,0.004605371884679244,4.873030362332543,0.001353619545092373
512,1,3.555203420546604e-08,0.009210743769358487,9.746060724658776,0.002707239090182993
512,2,7.110384103725664e-08,0.01842148753871697,19.49212144930681,0.005414478180363002
512,4,1.422076820745133e-07,0.03684297507743395,38.98424289863158,0.01082895636073099
512,8,2.844154778358643e-07,0.07368595015481105,77.96848579725321,0.02165791272145922
512,16,5.688309556717286e-07,0.1473719003096221,155.9369715945105,0.04331582544291959
512,32,1.137661797656619e-06,0.2947438006193011,311.8739431890209,0.08663165088583914
512,64,2.275323709000077e-06,0.5894876012385453,623.7478863780233,0.1732633017716731
512,128,4.550647418000153e-06,1.178975202477204,1247.495772756069,0.3465266035433524
512,256,9.101294836000307e-06,2.357950404954408,2494.991545512131,0.693053207086703
512,512,1.820258978568745e-05,4.71590080990876,4989.983091024244,1.386106414173401
512,1024,3.64051795713749e-05,9.43180161981752,9979.966182048509,2.772212828346808
512,2048,7.28103591427498e-05,18.86360323963504,19959.932364097,5.544425656693611
512,4096,0.0001456207182854996,37.72720647927008,39919.86472819409,11.08885131338725
512,8192,0.0002912414365709992,75.45441295854016,79839.72945638814,22.17770262677448
512,16384,0.0005824828731419984,150.9088259170803,159679.4589127763,44.35540525354897
512,32768,0.001164965746283997,301.8176518341606,319358.9178255527,88.71081050709797
512,65536,0.002329931492567994,603.6353036683213,638717.8356511054,177.4216210141959
512,131072,0.004659862985135987,1207.270607336643,1277435.671302211,354.8432420283919
512,262144,0.009319725970271975,2414.541214673285,2554871.342604421,709.6864840567835
512,524288,0.01863945194054395,4829.08242934657,5109742.685208843,1419.372968113568
512,1048576,0.0372789038810879,9658.164858693141,10219485.37041769,2838.745936227135
512,2097152,0.0745578077621758,19316.32971738628,20438970.74083537,5677.49187245427
512,4194304,0.1491156155243516,38632.65943477256,40877941.48167074,11354.98374490854
512,8388608,0.2982312310487032,77265.31886954512,81755882.96334149,22709.96748981708
1024,0.25,8.888036973075941e-09,0.002302685942368043,2.436515181170762,0.0006768097725474339
1024,0.5,1.777584657247644e-08,0.0046053718846224,4.873030362332997,0.001353619545092499
1024,1,3.555192051862832e-08,0.009210743769358487,9.746060724665085,0.002707239090184746
1024,2,7.110406841093209e-08,0.01842148753871697,19.49212144931755,0.005414478180365986
1024,4,1.422076820745133e-07,0.03684297507743395,38.98424289861362,0.010828956360726
1024,8,2.844153641490266e-07,0.0736859501548679,77.96848579726316,0.02165791272146199
1024,16,5.688309556717286e-07,0.1473719003096221,155.9369715945064,0.04331582544291845
1024,32,1.137661911343457e-06,0.2947438006192442,311.873943189021,0.08663165088583917
1024,64,2.275323595313239e-06,0.5894876012386021,623.7478863780418,0.1732633017716783
1024,128,4.550647418000153e-06,1.178975202477091,1247.495772756047,0.3465266035433462
1024,256,9.101294836000307e-06,2.357950404954408,2494.991545512137,0.6930532070867048
1024,512,1.820258967200061e-05,4.715900809908817,4989.983091024262,1.386106414173406
1024,1024,3.64051795713749e-05,9.43180161981752,9979.966182048487,2.772212828346802
1024,2048,7.28103591427498e-05,18.86360323963504,19959.93236409702,5.544425656693616
1024,4096,0.0001456207182854996,37.72720647927008,39919.864728194,11.08885131338722
1024,8192,0.0002912414365709992,75.45441295854016,79839.72945638817,22.17770262677449
1024,16384,0.0005824828731419984,150.9088259170803,159679.4589127763,44.35540525354897
1024,32768,0.001164965746283997,301.8176518341606,319358.9178255526,88.71081050709793
1024,65536,0.002329931492567994,603.6353036683213,638717.8356511054,177.4216210141959
1024,131072,0.004659862985135987,1207.270607336643,1277435.671302211,354.8432420283919
1024,262144,0.009319725970271975,2414.541214673285,2554871.342604422,709.6864840567838
1024,524288,0.01863945194054395,4829.08242934657,5109742.685208841,1419.372968113567
1024,1048576,0.0372789038810879,9658.164858693141,10219485.37041769,2838.745936227135
1024,2097152,0.0745578077621758,19316.32971738628,20438970.74083537,5677.49187245427
1024,4194304,0.1491156155243516,38632.65943477256,40877941.48167074,11354.98374490854
1024,8388608,0.2982312310487032,77265.31886954512,81755882.96334149,22709.96748981708
2048,0.25,8.888036973075941e-09,0.002302685942368043,2.436515181140749,0.0006768097725390968
2048,0.5,1.777607394615188e-08,0.004605371884736087,4.873030362341524,0.001353619545094868
2048,1,3.555169314495288e-08,0.0092107437692448,9.746060724665995,0.002707239090184999
2048,2,7.110384103725664e-08,0.01842148753871697,19.49212144933017,0.005414478180369491
2048,4,1.422081368218642e-07,0.03684297507743395,38.9842428986351,0.01082895636073197
2048,8,2.844153641490266e-07,0.0736859501548679,77.96848579722723,0.02165791272145201
2048,16,5.688307282980531e-07,0.1473719003097358,155.9369715945263,0.04331582544292398
2048,32,1.137661911343457e-06,0.2947438006192442,311.8739431890128,0.08663165088583689
2048,64,2.275323822686914e-06,0.5894876012384884,623.747886378042,0.1732633017716783
2048,128,4.550647190626478e-06,1.178975202477204,1247.495772756084,0.3465266035433566
2048,256,9.101294836000307e-06,2.357950404954181,2494.991545512093,0.6930532070866925
2048,512,1.820258967200061e-05,4.715900809908817,4989.983091024274,1.38610641417341
2048,1024,3.640517934400123e-05,9.431801619817634,9979.966182048523,2.772212828346812
2048,2048,7.28103591427498e-05,18.86360323963504,19959.93236409697,5.544425656693604
2048,4096,0.0001456207182854996,37.72720647927008,39919.86472819404,11.08885131338723
2048,8192,0.0002912414365709992,75.45441295854016,79839.729456388,22.17770262677444
2048,16384,0.0005824828731419984,150.9088259170803,159679.4589127763,44.35540525354899
2048,32768,0.001164965746283997,301.8176518341606,319358.9178255526,88.71081050709793
2048,65536,0.002329931492567994,603.6353036683213,638717.8356511052,177.4216210141959
2048,131072,0.004659862985135987,1207.270607336643,1277435.671302211,354.8432420283919
2048,262144,0.009319725970271975,2414.541214673285,2554871.342604422,709.6864840567838
2048,524288,0.01863945194054395,4829.08242934657,5109742.685208843,1419.372968113568
2048,1048576,0.0372789038810879,9658.164858693141,10219485.37041768,2838.745936227134
2048,2097152,0.0745578077621758,19316.32971738628,20438970.74083537,5677.49187245427
2048,4194304,0.1491156155243516,38632.65943477256,40877941.48167074,11354.98374490854
2048,8388608,0.2982312310487032,77265.31886954512,81755882.96334149,22709.96748981708
4096,0.25,8.888491720426828e-09,0.002302685942595417,2.436515181190316,0.0006768097725528655
4096,0.5,1.777607394615188e-08,0.004605371884736087,4.873030362281497,0.001353619545078194
4096,1,3.555214789230376e-08,0.009210743769472174,9.746060724683048,0.002707239090189736
4096,2,7.110338628990576e-08,0.0184214875384896,19.49212144933199,0.005414478180369997
4096,4,1.422076820745133e-07,0.03684297507743395,38.98424289866034,0.01082895636073898
4096,8,2.844162736437283e-07,0.0736859501548679,77.9684857972702,0.02165791272146395
4096,16,5.688307282980531e-07,0.1473719003097358,155.9369715944545,0.04331582544290401
4096,32,1.137661456596106e-06,0.2947438006194716,311.8739431890526,0.08663165088584796
4096,64,2.275323822686914e-06,0.5894876012384884,623.7478863780257,0.1732633017716738
4096,128,4.550647645373829e-06,1.178975202476977,1247.495772756084,0.3465266035433567
4096,256,9.101294381252956e-06,2.357950404954408,2494.991545512167,0.6930532070867131
4096,512,1.820258967200061e-05,4.715900809908362,4989.983091024186,1.386106414173385
4096,1024,3.640517934400123e-05,9.431801619817634,9979.966182048549,2.772212828346819
4096,2048,7.281035868800245e-05,18.86360323963527,19959.93236409705,5.544425656693624
4096,4096,0.0001456207182854996,37.72720647927008,39919.86472819395,11.08885131338721
4096,8192,0.0002912414365709992,75.45441295854016,79839.72945638807,22.17770262677447
4096,16384,0.0005824828731419984,150.9088259170803,159679.458912776,44.35540525354889
4096,32768,0.001164965746283997,301.8176518341606,319358.9178255527,88.71081050709797
4096,65536,0.002329931492567994,603.6353036683213,638717.8356511052,177.4216210141959
4096,131072,0.004659862985135987,1207.270607336643,1277435.67130221,354.8432420283917
4096,262144,0.009319725970271975,2414.541214673285,2554871.342604422,709.6864840567838
4096,524288,0.01863945194054395,4829.08242934657,5109742.685208843,1419.372968113568
4096,1048576,0.0372789038810879,9658.164858693141,10219485.37041769,2838.745936227135
4096,2097152,0.0745578077621758,19316.32971738628,20438970.74083536,5677.491872454268
4096,4194304,0.1491156155243516,38632.65943477256,40877941.48167074,11354.98374490854
4096,8388608,0.2982312310487032,77265.31886954512,81755882.96334149,22709.96748981708
8192,0.25,8.887582225725055e-09,0.002302685941685922,2.436515181250797,0.000676809772569666
8192,0.5,1.777698344085366e-08,0.004605371885190834,4.873030362380632,0.001353619545105731
8192,1,3.555214789230376e-08,0.009210743769472174,9.746060724562994,0.002707239090156387
8192,2,7.110429578460753e-08,0.01842148753894435,19.4921214493661,0.005414478180379471
8192,4,1.422067725798115e-07,0.0368429750769792,38.98424289866398,0.01082895636073999
8192,8,2.844153641490266e-07,0.0736859501548679,77.96848579732068,0.02165791272147797
8192,16,5.688325472874567e-07,0.1473719003097358,155.9369715945404,0.04331582544292789
8192,32,1.137661456596106e-06,0.2947438006194716,311.8739431889089,0.08663165088580803
8192,64,2.275322913192213e-06,0.5894876012389432,623.7478863781052,0.1732633017716959
8192,128,4.550647645373829e-06,1.178975202476977,1247.495772756051,0.3465266035433476
8192,256,9.101295290747657e-06,2.357950404953954,2494.991545512168,0.6930532070867134
8192,512,1.820258876250591e-05,4.715900809908817,4989.983091024334,1.386106414173426
8192,1024,3.640517934400123e-05,9.431801619816724,9979.966182048373,2.77221282834677
8192,2048,7.281035868800245e-05,18.86360323963527,19959.9323640971,5.544425656693639
8192,4096,0.0001456207173760049,37.72720647927054,39919.86472819409,11.08885131338725
8192,8192,0.0002912414365709992,75.45441295854016,79839.7294563879,22.17770262677442
8192,16384,0.0005824828731419984,150.9088259170803,159679.4589127761,44.35540525354893
8192,32768,0.001164965746283997,301.8176518341606,319358.917825552,88.71081050709778
8192,65536,0.002329931492567994,603.6353036683213,638717.8356511054,177.4216210141959
8192,131072,0.004659862985135987,1207.270607336643,1277435.67130221,354.8432420283917
8192,262144,0.009319725970271975,2414.541214673285,2554871.342604421,709.6864840567835
8192,524288,0.01863945194054395,4829.08242934657,5109742.685208843,1419.372968113568
8192,1048576,0.0372789038810879,9658.164858693141,10219485.37041769,2838.745936227135
8192,2097152,0.0745578077621758,19316.32971738628,20438970.74083537,5677.49187245427
8192,4194304,0.1491156155243516,38632.65943477256,40877941.48167073,11354.98374490854
8192,8388608,0.2982312310487032,77265.31886954512,81755882.96334149,22709.96748981708
16384,0.25,8.887582225725055e-09,0.002302685941685922,2.436515181225332,0.0006768097725625921
16384,0.5,1.777516445145011e-08,0.004605371883371845,4.873030362501595,0.001353619545139332
16384,1,3.555396688170731e-08,0.009210743770381669,9.746060724761264,0.002707239090211462
16384,2,7.110429578460753e-08,0.01842148753894435,19.49212144912599,0.005414478180312775
16384,4,1.422085915692151e-07,0.0368429750778887,38.98424289873219,0.01082895636075894
16384,8,2.84413545159623e-07,0.0736859501539584,77.96848579732796,0.02165791272147999
16384,16,5.688307282980531e-07,0.1473719003097358,155.9369715946414,0.04331582544295593
16384,32,1.137665094574913e-06,0.2947438006194716,311.8739431890808,0.08663165088585578
16384,64,2.275322913192213e-06,0.5894876012389432,623.7478863778178,0.1732633017716161
16384,128,4.550645826384425e-06,1.178975202477886,1247.49577275621,0.3465266035433918
16384,256,9.101295290747657e-06,2.357950404953954,2494.991545512103,0.6930532070866952
16384,512,1.820259058149531e-05,4.715900809907907,4989.983091024336,1.386106414173427
16384,1024,3.640517752501182e-05,9.431801619817634,9979.966182048669,2.772212828346853
16384,2048,7.281035868800245e-05,18.86360323963345,19959.93236409675,5.54442565669354
16384,4096,0.0001456207173760049,37.72720647927054,39919.8647281942,11.08885131338728
16384,8192,0.0002912414347520098,75.45441295854107,79839.72945638819,22.1777026267745
16384,16384,0.0005824828731419984,150.9088259170803,159679.4589127758,44.35540525354883
16384,32768,0.001164965746283997,301.8176518341606,319358.9178255523,88.71081050709786
16384,65536,0.002329931492567994,603.6353036683213,638717.835651104,177.4216210141956
16384,131072,0.004659862985135987,1207.270607336643,1277435.671302211,354.8432420283919
16384,262144,0.009319725970271975,2414.541214673285,2554871.342604421,709.6864840567835
16384,524288,0.01863945194054395,4829.08242934657,5109742.685208841,1419.372968113567
16384,1048576,0.0372789038810879,9658.164858693141,10219485.37041769,2838.745936227135
16384,2097152,0.0745578077621758,19316.32971738628,20438970.74083537,5677.49187245427
16384,4194304,0.1491156155243516,38632.65943477256,40877941.48167074,11354.98374490854
16384,8388608,0.2982312310487032,77265.31886954512,81755882.96334146,22709.96748981707
32768,0.25,8.891220204532146e-09,0.002302685945323901,2.436515180997958,0.0006768097724994328
32768,0.5,1.777516445145011e-08,0.004605371883371845,4.873030362450663,0.001353619545125184
32768,1,3.555032890290022e-08,0.00921074376674369,9.74606072500319,0.002707239090278664
32768,2,7.110793376341462e-08,0.01842148754076334,19.49212144952253,0.005414478180422924
32768,4,1.422085915692151e-07,0.0368429750778887,38.98424289825198,0.01082895636062555
32768,8,2.844171831384301e-07,0.07368595015577739,77.96848579746438,0.02165791272151789
32768,16,5.688270903192461e-07,0.1473719003079168,155.9369715946559,0.04331582544295998
32768,32,1.137661456596106e-06,0.2947438006194716,311.8739431892827,0.08663165088591186
32768,64,2.275330189149827e-06,0.5894876012389432,623.7478863781616,0.1732633017717116
32768,128,4.550645826384425e-06,1.178975202477886,1247.495772755636,0.3465266035432321
32768,256,9.10129165276885e-06,2.357950404955773,2494.991545512421,0.6930532070867836
32768,512,1.820259058149531e-05,4.715900809907907,4989.983091024205,1.38610641417339
32768,1024,3.640518116299063e-05,9.431801619815815,9979.966182048673,2.772212828346853
32768,2048,7.281035505002365e-05,18.86360323963527,19959.93236409734,5.544425656693705
32768,4096,0.0001456207173760049,37.7272064792669,39919.86472819349,11.08885131338708
32768,8192,0.0002912414347520098,75.45441295854107,79839.72945638839,22.17770262677455
32768,16384,0.0005824828695040196,150.9088259170821,159679.4589127764,44.35540525354899
32768,32768,0.001164965746283997,301.8176518341606,319358.9178255516,88.71081050709766
32768,65536,0.002329931492567994,603.6353036683213,638717.8356511046,177.4216210141957
32768,131072,0.004659862985135987,1207.270607336643,1277435.671302208,354.8432420283911
32768,262144,0.009319725970271975,2414.541214673285,2554871.342604422,709.6864840567838
32768,524288,0.01863945194054395,4829.08242934657,5109742.685208841,1419.372968113567
32768,1048576,0.0372789038810879,9658.164858693141,10219485.37041768,2838.745936227134
32768,2097152,0.0745578077621758,19316.32971738628,20438970.74083537,5677.49187245427
32768,4194304,0.1491156155243516,38632.65943477256,40877941.48167074,11354.98374490854
32768,8388608,0.2982312310487032,77265.31886954512,81755882.96334149,22709.96748981708
65536,0.25,8.891220204532146e-09,0.002302685941685922,2.436515180132119,0.000676809772258922
65536,0.5,1.778244040906429e-08,0.004605371890647803,4.873030361995916,0.001353619544998866
65536,1,3.555032890290022e-08,0.00921074376674369,9.746060724901326,0.002707239090250369
65536,2,7.110065780580044e-08,0.01842148753348738,19.49212145000638,0.005414478180557328
65536,4,1.422158675268292e-07,0.03684297508152667,38.98424289904506,0.01082895636084585
65536,8,2.844171831384301e-07,0.07368595015577739,77.96848579650396,0.0216579127212511
65536,16,5.688343662768602e-07,0.1473719003115548,155.9369715949288,0.04331582544303577
65536,32,1.137654180638492e-06,0.2947438006158336,311.8739431893118,0.08663165088591995
65536,64,2.275322913192213e-06,0.5894876012389432,623.7478863785655,0.1732633017718237
65536,128,4.550660378299654e-06,1.178975202477886,1247.495772756323,0.3465266035434231
65536,256,9.10129165276885e-06,2.357950404955773,2494.991545511271,0.6930532070864642
65536,512,1.82025833055377e-05,4.715900809911545,4989.983091024842,1.386106414173567
65536,1024,3.640518116299063e-05,9.431801619815815,9979.966182048411,2.772212828346781
65536,2048,7.281036232598126e-05,18.86360323963163,19959.93236409735,5.544425656693707
65536,4096,0.0001456207101000473,37.72720647927054,39919.86472819468,11.08885131338741
65536,8192,0.0002912414347520098,75.45441295853379,79839.72945638698,22.17770262677416
65536,16384,0.0005824828695040196,150.9088259170821,159679.4589127768,44.35540525354911
65536,32768,0.001164965739008039,301.8176518341643,319358.9178255528,88.71081050709799
65536,65536,0.002329931492567994,603.6353036683213,638717.8356511032,177.4216210141953
65536,131072,0.004659862985135987,1207.270607336643,1277435.671302209,354.8432420283914
65536,262144,0.009319725970271975,2414.541214673285,2554871.342604416,709.6864840567822
65536,524288,0.01863945194054395,4829.08242934657,5109742.685208843,1419.372968113568
65536,1048576,0.0372789038810879,9658.164858693141,10219485.37041768,2838.745936227134
65536,2097152,0.0745578077621758,19316.32971738628,20438970.74083536,5677.491872454268
65536,4194304,0.1491156155243516,38632.65943477256,40877941.48167074,11354.98374490854
65536,8388608,0.2982312310487032,77265.31886954512,81755882.96334149,22709.96748981708
131072,0.25,8.87666828930378e-09,0.002302685941685922,2.436515182023868,0.0006768097727844078
131072,0.5,1.778244040906429e-08,0.004605371883371845,4.873030360264238,0.001353619544517844
131072,1,3.556488081812859e-08,0.009210743781295605,9.746060723991832,0.002707239089997731
131072,2,7.110065780580044e-08,0.01842148753348738,19.49212144980265,0.005414478180500737
131072,4,1.422013156116009e-07,0.03684297506697476,38.98424290001276,0.01082895636111466
131072,8,2.844317350536585e-07,0.07368595016305335,77.96848579809011,0.0216579127216917
131072,16,5.688343662768602e-07,0.1473719003115548,155.9369715930079,0.0433158254425022
131072,32,1.13766873255372e-06,0.2947438006231096,311.8739431898575,0.08663165088607154
131072,64,2.275308361276984e-06,0.5894876012316672,623.7478863786237,0.1732633017718399
131072,128,4.550645826384425e-06,1.178975202477886,1247.495772757131,0.3465266035436474
131072,256,9.101320756599307e-06,2.357950404955773,2494.991545512647,0.6930532070868463
131072,512,1.82025833055377e-05,4.715900809911545,4989.983091022543,1.386106414172928
131072,1024,3.64051666110754e-05,9.431801619823091,9979.966182049684,2.772212828347135
131072,2048,7.281036232598126e-05,18.86360323963163,19959.93236409682,5.544425656693561
131072,4096,0.0001456207246519625,37.72720647926326,39919.86472819469,11.08885131338741
131072,8192,0.0002912414202000946,75.45441295854107,79839.72945638935,22.17770262677482
131072,16384,0.0005824828695040196,150.9088259170676,159679.458912774,44.35540525354832
131072,32768,0.001164965739008039,301.8176518341643,319358.9178255536,88.71081050709822
131072,65536,0.002329931478016078,603.6353036683286,638717.8356511055,177.421621014196
131072,131072,0.004659862985135987,1207.270607336643,1277435.671302206,354.8432420283906
131072,262144,0.009319725970271975,2414.541214673285,2554871.342604418,709.6864840567829
131072,524288,0.01863945194054395,4829.08242934657,5109742.685208832,1419.372968113564
131072,1048576,0.0372789038810879,9658.164858693141,10219485.37041769,2838.745936227135
131072,2097152,0.0745578077621758,19316.32971738628,20438970.74083536,5677.491872454268
131072,4194304,0.1491156155243516,38632.65943477256,40877941.48167073,11354.98374490854
131072,8388608,0.2982312310487032,77265.31886954512,81755882.96334149,22709.96748981708
262144,0.25,8.847564458847046e-09,0.002302685927134007,2.436515180568676,0.0006768097723801879
262144,0.5,1.775333657860756e-08,0.004605371883371845,4.873030364047736,0.001353619545568816
262144,1,3.556488081812859e-08,0.00921074376674369,9.746060720528476,0.002707239089035688
262144,2,7.112976163625717e-08,0.01842148756259121,19.49212144798366,0.005414478179995462
262144,4,1.422013156116009e-07,0.03684297506697476,38.98424289960531,0.01082895636100147
262144,8,2.844026312232018e-07,0.07368595013394952,77.96848580002552,0.02165791272222931
262144,16,5.68863470107317e-07,0.1473719003261067,155.9369715961802,0.04331582544338339
262144,32,1.13766873255372e-06,0.2947438006231096,311.8739431860158,0.08663165088500439
262144,64,2.275337465107441e-06,0.5894876012462191,623.7478863797151,0.1732633017721431
262144,128,4.550616722553968e-06,1.178975202463334,1247.495772757247,0.3465266035436798
262144,256,9.10129165276885e-06,2.357950404955773,2494.991545514262,0.6930532070872949
262144,512,1.820264151319861e-05,4.715900809911545,4989.983091025293,1.386106414173693
262144,1024,3.64051666110754e-05,9.431801619823091,9979.966182045086,2.772212828345857
262144,2048,7.28103332221508e-05,18.86360323964618,19959.93236409937,5.544425656694269
262144,4096,0.0001456207246519625,37.72720647926326,39919.86472819364,11.08885131338712
262144,8192,0.000291241449303925,75.45441295852652,79839.72945638938,22.17770262677483
262144,16384,0.0005824828404001892,150.9088259170821,159679.4589127787,44.35540525354964
262144,32768,0.001164965739008039,301.8176518341352,319358.9178255479,88.71081050709664
262144,65536,0.002329931478016078,603.6353036683286,638717.8356511071,177.4216210141964
262144,131072,0.004659862956032157,1207.270607336657,1277435.671302211,354.843242028392
262144,262144,0.009319725970271975,2414.541214673285,2554871.342604413,709.6864840567813
262144,524288,0.01863945194054395,4829.08242934657,5109742.685208837,1419.372968113566
262144,1048576,0.0372789038810879,9658.164858693141,10219485.37041766,2838.745936227129
262144,2097152,0.0745578077621758,19316.32971738628,20438970.74083537,5677.49187245427
262144,4194304,0.1491156155243516,38632.65943477256,40877941.48167073,11354.98374490854
262144,8388608,0.2982312310487032,77265.31886954512,81755882.96334146,22709.96748981707
524288,0.25,8.847564458847046e-09,0.002302685985341668,2.436515173350926,0.0006768097703752574
524288,0.5,1.769512891769409e-08,0.004605371854268014,4.873030361137353,0.001353619544760376
524288,1,3.550667315721512e-08,0.00921074376674369,9.746060728095472,0.002707239091137631
524288,2,7.112976163625717e-08,0.01842148753348738,19.49212144105695,0.005414478178071376
524288,4,1.422595232725143e-07,0.03684297512518242,38.98424289596733,0.01082895635999092
524288,8,2.844026312232018e-07,0.07368595013394952,77.96848579921061,0.02165791272200295
524288,16,5.688052624464035e-07,0.147371900267899,155.936971600051,0.04331582544445862
524288,32,1.137726940214634e-06,0.2947438006522134,311.8739431923605,0.08663165088676679
524288,64,2.275337465107441e-06,0.5894876012462191,623.7478863720316,0.1732633017700088
524288,128,4.550674930214882e-06,1.178975202492438,1247.49577275943,0.3465266035442862
524288,256,9.101233445107937e-06,2.357950404926669,2494.991545514495,0.6930532070873596
524288,512,1.82025833055377e-05,4.715900809911545,4989.983091028524,1.38610641417459
524288,1024,3.640528302639723e-05,9.431801619823091,9979.966182050586,2.772212828347385
524288,2048,7.28103332221508e-05,18.86360323964618,19959.93236409017,5.544425656691714
524288,4096,0.0001456206664443016,37.72720647929236,39919.86472819874,11.08885131338854
524288,8192,0.000291241449303925,75.45441295852652,79839.72945638729,22.17770262677424
524288,16384,0.0005824828986078501,150.908825917053,159679.4589127788,44.35540525354966
524288,32768,0.001164965680800378,301.8176518341643,319358.9178255574,88.71081050709928
524288,65536,0.002329931478016078,603.6353036682704,638717.8356510958,177.4216210141933
524288,131072,0.004659862956032157,1207.270607336657,1277435.671302214,354.8432420283929
524288,262144,0.009319725912064314,2414.541214673314,2554871.342604422,709.6864840567839
524288,524288,0.01863945194054395,4829.08242934657,5109742.685208825,1419.372968113563
524288,1048576,0.0372789038810879,9658.164858693141,10219485.37041767,2838.745936227132
524288,2097152,0.0745578077621758,19316.32971738628,20438970.74083533,5677.491872454258
524288,4194304,0.1491156155243516,38632.65943477256,40877941.48167074,11354.98374490854
524288,8388608,0.2982312310487032,77265.31886954512,81755882.96334146,22709.96748981707
1048576,0.25,8.847564458847046e-09,0.002302685868926346,2.436515177600086,0.0006768097715555794
1048576,0.5,1.769512891769409e-08,0.004605371970683336,4.873030346701853,0.001353619540750515
1048576,1,3.539025783538818e-08,0.009210743708536029,9.746060722274706,0.002707239089520752
1048576,2,7.101334631443024e-08,0.01842148753348738,19.49212145619094,0.005414478182275262
1048576,4,1.422595232725143e-07,0.03684297506697476,38.9842428821139,0.01082895635614275
1048576,8,2.845190465450287e-07,0.07368595025036484,77.96848579193465,0.02165791271998185
1048576,16,5.688052624464035e-07,0.147371900267899,155.9369715984212,0.0433158254440059
1048576,32,1.137610524892807e-06,0.2947438005357981,311.8739432001021,0.08663165088891725
1048576,64,2.275453880429268e-06,0.5894876013044268,623.7478863847209,0.1732633017735336
1048576,128,4.550674930214882e-06,1.178975202492438,1247.495772744063,0.3465266035400176
1048576,256,9.101349860429764e-06,2.357950404984877,2494.99154551886,0.6930532070885723
1048576,512,1.820246689021587e-05,4.715900809853338,4989.983091028989,1.386106414174719
1048576,1024,3.64051666110754e-05,9.431801619823091,9979.966182057047,2.77221282834918
1048576,2048,7.281056605279446e-05,18.86360323964618,19959.93236410117,5.54442565669477
1048576,4096,0.0001456206664443016,37.72720647929236,39919.86472818034,11.08885131338343
1048576,8192,0.0002912413328886032,75.45441295858473,79839.72945639747,22.17770262677708
1048576,16384,0.0005824828986078501,150.908825917053,159679.4589127746,44.35540525354849
1048576,32768,0.0011649657972157,301.8176518341061,319358.9178255575,88.71081050709931
1048576,65536,0.002329931361600757,603.6353036683286,638717.8356511148,177.4216210141986
1048576,131072,0.004659862956032157,1207.270607336541,1277435.671302192,354.8432420283866
1048576,262144,0.009319725912064314,2414.541214673314,2554871.342604429,709.6864840567857
1048576,524288,0.01863945182412863,4829.082429346628,5109742.685208844,1419.372968113568
1048576,1048576,0.0372789038810879,9658.164858693141,10219485.37041765,2838.745936227125
1048576,2097152,0.0745578077621758,19316.32971738628,20438970.74083535,5677.491872454263
1048576,4194304,0.1491156155243516,38632.65943477256,40877941.48167066,11354.98374490852
1048576,8388608,0.2982312310487032,77265.31886954512,81755882.96334149,22709.96748981708
2097152,0.25,8.847564458847046e-09,0.002302685985341668,2.436515216948465,0.0006768097824856845
2097152,0.5,1.769512891769409e-08,0.004605371737852693,4.873030355200171,0.001353619543111159
2097152,1,3.539025783538818e-08,0.009210743941366673,9.746060693403706,0.00270723908150103
2097152,2,7.078051567077637e-08,0.01842148741707206,19.49212144454941,0.005414478179041503
2097152,4,1.420266926288605e-07,0.03684297506697476,38.98424291238189,0.01082895636455052
2097152,8,2.845190465450287e-07,0.07368595013394952,77.96848576422781,0.0216579127122855
2097152,16,5.690380930900574e-07,0.1473719005007297,155.9369715838693,0.0433158254399637
2097152,32,1.137610524892807e-06,0.2947438005357981,311.8739431968424,0.08663165088801179
2097152,64,2.275221049785614e-06,0.5894876010715961,623.7478864002042,0.1732633017778345
2097152,128,4.550907760858536e-06,1.178975202608854,1247.495772769442,0.3465266035470672
2097152,256,9.101349860429764e-06,2.357950404984877,2494.991545488127,0.6930532070800351
2097152,512,1.820269972085953e-05,4.715900809969753,4989.98309103772,1.386106414177145
2097152,1024,3.640493378043175e-05,9.431801619706675,9979.966182057979,2.772212828349438
2097152,2048,7.28103332221508e-05,18.86360323964618,19959.93236411409,5.544425656698359
2097152,4096,0.0001456211321055889,37.72720647929236,39919.86472820234,11.08885131338954
2097152,8192,0.0002912413328886032,75.45441295858473,79839.72945636068,22.17770262676686
2097152,16384,0.0005824826657772064,150.9088259171695,159679.4589127949,44.35540525355415
2097152,32768,0.0011649657972157,301.8176518341061,319358.9178255491,88.71081050709698
2097152,65536,0.0023299315944314,603.6353036682121,638717.835651115,177.4216210141986
2097152,131072,0.004659862723201513,1207.270607336657,1277435.67130223,354.8432420283971
2097152,262144,0.009319725912064314,2414.541214673081,2554871.342604383,709.6864840567731
2097152,524288,0.01863945182412863,4829.082429346628,5109742.685208857,1419.372968113571
2097152,1048576,0.03727890364825726,9658.164858693257,10219485.37041769,2838.745936227136
2097152,2097152,0.0745578077621758,19316.32971738628,20438970.7408353,5677.49187245425
2097152,4194304,0.1491156155243516,38632.65943477256,40877941.48167069,11354.98374490853
2097152,8388608,0.2982312310487032,77265.31886954512,81755882.96334131,22709.96748981703
4194304,0.25,9.313225746154785e-09,0.002302686218172312,2.436515183653682,0.000676809773237134
4194304,0.5,1.769512891769409e-08,0.004605371970683336,4.873030433896929,0.001353619564971369
4194304,1,3.539025783538818e-08,0.009210743475705385,9.746060710400343,0.002707239086222318
4194304,2,7.078051567077637e-08,0.01842148788273335,19.49212138680741,0.005414478163002059
4194304,4,1.415610313415527e-07,0.03684297483414412,38.98424288909882,0.01082895635808301
4194304,8,2.840533852577209e-07,0.07368595013394952,77.96848582476377,0.02165791272910105
4194304,16,5.690380930900574e-07,0.147371900267899,155.9369715284556,0.04331582542457101
4194304,32,1.138076186180115e-06,0.2947438010014594,311.8739431677386,0.0866316508799274
4194304,64,2.275221049785614e-06,0.5894876010715961,623.7478863936849,0.1732633017760236
4194304,128,4.550442099571228e-06,1.178975202143192,1247.495772800408,0.346526603555669
4194304,256,9.101815521717072e-06,2.357950405217707,2494.991545538884,0.6930532070941343
4194304,512,1.820269972085953e-05,4.715900809969753,4989.983090976253,1.38610641416007
4194304,1024,3.640539944171906e-05,9.431801619939506,9979.966182075441,2.772212828354289
4194304,2048,7.280986756086349e-05,18.86360323941335,19959.93236411596,5.544425656698877
4194304,4096,0.0001456206664443016,37.72720647929236,39919.86472822819,11.08885131339672
4194304,8192,0.0002912422642111778,75.45441295858473,79839.72945640469,22.17770262677908
4194304,16384,0.0005824826657772064,150.9088259171695,159679.4589127214,44.35540525353371
4194304,32768,0.001164965331554413,301.8176518343389,319358.9178255899,88.71081050710831
4194304,65536,0.0023299315944314,603.6353036682121,638717.8356510983,177.421621014194
4194304,131072,0.004659863188862801,1207.270607336424,1277435.67130223,354.8432420283972
4194304,262144,0.009319725446403027,2414.541214673314,2554871.342604459,709.6864840567943
4194304,524288,0.01863945182412863,4829.082429346163,5109742.685208767,1419.372968113546
4194304,1048576,0.03727890364825726,9658.164858693257,10219485.37041771,2838.745936227143
4194304,2097152,0.07455780729651451,19316.32971738651,20438970.74083538,5677.491872454271
4194304,4194304,0.1491156155243516,38632.65943477256,40877941.4816706,11354.9837449085
4194304,8388608,0.2982312310487032,77265.31886954512,81755882.96334139,22709.96748981705
8388608,0.25,9.313225746154785e-09,0.002302685752511024,2.43651510309428,0.0006768097508595221
8388608,0.5,1.862645149230957e-08,0.004605372436344624,4.873030367307365,0.001353619546474268
8388608,1,3.539025783538818e-08,0.009210743941366673,9.746060867793858,0.002707239129942738
8388608,2,7.078051567077637e-08,0.01842148695141077,19.49212142080069,0.005414478172444635
8388608,4,1.415610313415527e-07,0.03684297576546669,38.98424277361482,0.01082895632600412
8388608,8,2.831220626831055e-07,0.07368594966828823,77.96848577819765,0.02165791271616601
8388608,16,5.681067705154419e-07,0.147371900267899,155.9369716495275,0.0433158254582021
8388608,32,1.138076186180115e-06,0.2947438005357981,311.8739430569112,0.08663165084914201
8388608,64,2.276152372360229e-06,0.5894876020029187,623.7478863354772,0.1732633017598548
8388608,128,4.550442099571228e-06,1.178975202143192,1247.49577278737,0.3465266035520472
8388608,256,9.100884199142456e-06,2.357950404286385,2494.991545600817,0.693053207111338
8388608,512,1.820363104343414e-05,4.715900810435414,4989.983091077767,1.386106414188269
8388608,1024,3.640539944171906e-05,9.431801619939506,9979.966181952506,2.772212828320141
8388608,2048,7.281079888343811e-05,18.86360323987901,19959.93236415088,5.544425656708579
8388608,4096,0.000145619735121727,37.7272064788267,39919.86472823191,11.08885131339775
8388608,8192,0.0002912413328886032,75.45441295858473,79839.72945645638,22.17770262679344
8388608,16384,0.0005824845284223557,150.9088259171695,159679.4589128094,44.35540525355816
8388608,32768,0.001164965331554413,301.8176518343389,319358.9178254427,88.71081050706742
8388608,65536,0.002329930663108826,603.6353036686778,638717.8356511798,177.4216210142166
8388608,131072,0.004659863188862801,1207.270607336424,1277435.671302197,354.8432420283879
8388608,262144,0.009319726377725601,2414.541214672849,2554871.34260446,709.6864840567945
8388608,524288,0.01863945089280605,4829.082429346628,5109742.685208919,1419.372968113589
8388608,1048576,0.03727890364825726,9658.164858692326,10219485.37041753,2838.745936227092
8388608,2097152,0.07455780729651451,19316.32971738651,20438970.74083543,5677.491872454286
8388608,4194304,0.149115614593029,38632.65943477303,40877941.48167075,11354.98374490854
8388608,8388608,0.2982312310487032,77265.31886954512,81755882.96334121,22709.967489817
