offset			,radius			,minErrorPerVert,maxErrorPerVert,totalError		,averageError	
0.25,0.25,3.25254823074772e-11,4.455701412886537e-06,0.003497026241933932,9.713961783149809e-07
0.25,0.5,6.505096461495441e-11,8.911402825828585e-06,0.006994052483868279,1.942792356630078e-06
0.25,1,1.301019292299088e-10,1.782280565154615e-05,0.0139881049677329,3.885584713259137e-06
0.25,2,2.602038584598176e-10,3.564561130309229e-05,0.02797620993546929,7.771169426519246e-06
0.25,4,5.204077169196353e-10,7.12912226062401e-05,0.05595241987093516,1.554233885303755e-05
0.25,8,1.040815433839271e-09,0.0001425824452124802,0.1119048397418702,3.108467770607504e-05
0.25,16,2.081630867678541e-09,0.0002851648904250159,0.2238096794837499,6.216935541215276e-05
0.25,32,4.163261735357082e-09,0.0005703297808499763,0.4476193589675354,0.0001243387108243154
0.25,64,8.326523470714164e-09,0.001140659561700008,0.89523871793511,0.0002486774216486417
0.25,128,1.665304694142833e-08,0.002281319123400016,1.790477435870377,0.000497354843297327
0.25,256,3.330609388285666e-08,0.004562638246799977,3.580954871740904,0.0009947096865946957
0.25,512,6.661218776571332e-08,0.009125276493599954,7.161909743481664,0.001989419373189351
0.25,1024,1.332243755314266e-07,0.01825055298719991,14.32381948696455,0.003978838746379042
0.25,2048,2.664487510628533e-07,0.03650110597439982,28.64763897393047,0.007957677492758462
0.25,4096,5.328975021257065e-07,0.07300221194879919,57.29527794785866,0.01591535498551629
0.25,8192,1.065795004251413e-06,0.1460044238975984,114.5905558957182,0.03183070997103284
0.25,16384,2.131590008502826e-06,0.2920088477951968,229.1811117914437,0.0636614199420677
0.25,32768,4.263180017005652e-06,0.5840176955903935,458.3622235828765,0.1273228398841324
0.25,65536,8.526360034011304e-06,1.168035391180787,916.724447165764,0.2546456797682678
0.25,131072,1.705272006802261e-05,2.336070782361574,1833.448894331557,0.5092913595365436
0.25,262144,3.410544013604522e-05,4.672141564723148,3666.897788663085,1.018582719073079
0.25,524288,6.821088027209044e-05,9.344283129446296,7333.79557732617,2.037165438146158
0.25,1048576,0.0001364217605441809,18.68856625889259,14667.59115465246,4.074330876292349
0.25,2097152,0.0002728435210883617,37.37713251778518,29335.18230930491,8.148661752584697
0.25,4194304,0.0005456870421767235,74.75426503557037,58670.36461860983,16.29732350516939
0.25,8388608,0.001091374084353447,149.5085300711407,117340.7292372197,32.59464701033879
0.5,0.25,3.252542679632597e-11,4.455701412831026e-06,0.003497026241937151,9.713961783158754e-07
0.5,0.5,6.505096461495441e-11,8.911402825773074e-06,0.006994052483867863,1.942792356629962e-06
0.5,1,1.301019292299088e-10,1.782280565165717e-05,0.01398810496773656,3.885584713260156e-06
0.5,2,2.602038584598176e-10,3.564561130309229e-05,0.02797620993546579,7.771169426518275e-06
0.5,4,5.204077169196353e-10,7.129122260618459e-05,0.05595241987093857,1.554233885303849e-05
0.5,8,1.040815433839271e-09,0.0001425824452124802,0.1119048397418703,3.108467770607509e-05
0.5,16,2.081630867678541e-09,0.0002851648904249604,0.2238096794837403,6.216935541215009e-05
0.5,32,4.163261735357082e-09,0.0005703297808500318,0.4476193589674998,0.0001243387108243055
0.5,64,8.326523470714164e-09,0.001140659561699953,0.8952387179350707,0.0002486774216486308
0.5,128,1.665304694142833e-08,0.002281319123400016,1.79047743587022,0.0004973548432972833
0.5,256,3.330609388285666e-08,0.004562638246800033,3.580954871740754,0.000994709686594654
0.5,512,6.661218776571332e-08,0.009125276493599954,7.161909743481808,0.001989419373189391
0.5,1024,1.332243755314266e-07,0.01825055298719991,14.32381948696333,0.003978838746378702
0.5,2048,2.664487510628533e-07,0.03650110597439982,28.6476389739291,0.007957677492758084
0.5,4096,5.328975021257065e-07,0.07300221194879963,57.29527794786093,0.01591535498551692
0.5,8192,1.065795004251413e-06,0.1460044238975984,114.5905558957173,0.03183070997103259
0.5,16384,2.131590008502826e-06,0.2920088477951968,229.1811117914365,0.06366141994206569
0.5,32768,4.263180017005652e-06,0.5840176955903935,458.3622235828875,0.1273228398841354
0.5,65536,8.526360034011304e-06,1.168035391180787,916.7244471657531,0.2546456797682647
0.5,131072,1.705272006802261e-05,2.336070782361574,1833.448894331528,0.5092913595365356
0.5,262144,3.410544013604522e-05,4.672141564723148,3666.897788663114,1.018582719073087
0.5,524288,6.821088027209044e-05,9.344283129446296,7333.79557732617,2.037165438146158
0.5,1048576,0.0001364217605441809,18.68856625889259,14667.59115465234,4.074330876292317
0.5,2097152,0.0002728435210883617,37.37713251778518,29335.18230930491,8.148661752584697
0.5,4194304,0.0005456870421767235,74.75426503557037,58670.36461860983,16.29732350516939
0.5,8388608,0.001091374084353447,149.5085300711407,117340.7292372197,32.59464701033879
1,0.25,3.252553781862844e-11,4.455701412942048e-06,0.003497026241931156,9.713961783142101e-07
1,0.5,6.505085359265195e-11,8.911402825662051e-06,0.006994052483874302,1.942792356631751e-06
1,1,1.301019292299088e-10,1.782280565154615e-05,0.01398810496773573,3.885584713259924e-06
1,2,2.602038584598176e-10,3.564561130331434e-05,0.02797620993547312,7.771169426520311e-06
1,4,5.204077169196353e-10,7.129122260618459e-05,0.05595241987093158,1.554233885303655e-05
1,8,1.040815433839271e-09,0.0001425824452123692,0.1119048397418771,3.108467770607698e-05
1,16,2.081630867678541e-09,0.0002851648904249604,0.2238096794837406,6.216935541215018e-05
1,32,4.163261735357082e-09,0.0005703297808499208,0.4476193589674806,0.0001243387108243002
1,64,8.326523470714164e-09,0.001140659561700064,0.8952387179349997,0.000248677421648611
1,128,1.665304694142833e-08,0.002281319123399905,1.790477435870141,0.0004973548432972615
1,256,3.330609388285666e-08,0.004562638246800033,3.58095487174044,0.0009947096865945667
1,512,6.661218776571332e-08,0.009125276493600065,7.161909743481509,0.001989419373189308
1,1024,1.332243755314266e-07,0.01825055298719991,14.32381948696362,0.003978838746378783
1,2048,2.664487510628533e-07,0.03650110597439982,28.64763897392666,0.007957677492757404
1,4096,5.328975021257065e-07,0.07300221194879963,57.2952779478582,0.01591535498551617
1,8192,1.065795004251413e-06,0.1460044238975993,114.5905558957219,0.03183070997103385
1,16384,2.131590008502826e-06,0.2920088477951968,229.1811117914346,0.06366141994206517
1,32768,4.263180017005652e-06,0.5840176955903935,458.3622235828729,0.1273228398841314
1,65536,8.526360034011304e-06,1.168035391180787,916.7244471657749,0.2546456797682708
1,131072,1.705272006802261e-05,2.336070782361574,1833.448894331506,0.5092913595365295
1,262144,3.410544013604522e-05,4.672141564723148,3666.897788663056,1.018582719073071
1,524288,6.821088027209044e-05,9.344283129446296,7333.795577326228,2.037165438146174
1,1048576,0.0001364217605441809,18.68856625889259,14667.59115465234,4.074330876292317
1,2097152,0.0002728435210883617,37.37713251778518,29335.18230930468,8.148661752584633
1,4194304,0.0005456870421767235,74.75426503557037,58670.36461860983,16.29732350516939
1,8388608,0.001091374084353447,149.5085300711407,117340.7292372197,32.59464701033879
2,0.25,3.252553781862844e-11,4.455701412720003e-06,0.003497026241928269,9.713961783134082e-07
2,0.5,6.505107563725687e-11,8.911402825884096e-06,0.006994052483862312,1.94279235662842e-06
2,1,1.301017071853039e-10,1.78228056513241e-05,0.0139881049677486,3.885584713263501e-06
2,2,2.602038584598176e-10,3.564561130309229e-05,0.02797620993547145,7.771169426519847e-06
2,4,5.204077169196353e-10,7.129122260662868e-05,0.05595241987094624,1.554233885304062e-05
2,8,1.040815433839271e-09,0.0001425824452123692,0.1119048397418632,3.10846777060731e-05
2,16,2.081630867678541e-09,0.0002851648904247384,0.2238096794837543,6.216935541215397e-05
2,32,4.163261735357082e-09,0.0005703297808499208,0.4476193589674813,0.0001243387108243004
2,64,8.326523470714164e-09,0.001140659561699842,0.8952387179349612,0.0002486774216486004
2,128,1.665304694142833e-08,0.002281319123400127,1.790477435869999,0.0004973548432972221
2,256,3.330609388285666e-08,0.004562638246799811,3.580954871740283,0.0009947096865945231
2,512,6.661218776571332e-08,0.009125276493600065,7.16190974348088,0.001989419373189133
2,1024,1.332243755314266e-07,0.01825055298720013,14.32381948696302,0.003978838746378616
2,2048,2.664487510628533e-07,0.03650110597439982,28.64763897392723,0.007957677492757565
2,4096,5.328975021257065e-07,0.07300221194879963,57.29527794785331,0.01591535498551481
2,8192,1.065795004251413e-06,0.1460044238975993,114.5905558957164,0.03183070997103234
2,16384,2.131590008502826e-06,0.2920088477951985,229.1811117914437,0.0636614199420677
2,32768,4.263180017005652e-06,0.5840176955903935,458.3622235828693,0.1273228398841303
2,65536,8.526360034011304e-06,1.168035391180787,916.7244471657458,0.2546456797682627
2,131072,1.705272006802261e-05,2.336070782361574,1833.44889433155,0.5092913595365416
2,262144,3.410544013604522e-05,4.672141564723148,3666.897788663012,1.018582719073059
2,524288,6.821088027209044e-05,9.344283129446296,7333.795577326112,2.037165438146142
2,1048576,0.0001364217605441809,18.68856625889259,14667.59115465246,4.074330876292349
2,2097152,0.0002728435210883617,37.37713251778518,29335.18230930468,8.148661752584633
2,4194304,0.0005456870421767235,74.75426503557037,58670.36461860936,16.29732350516927
2,8388608,0.001091374084353447,149.5085300711407,117340.7292372197,32.59464701033879
4,0.25,3.252598190783829e-11,4.455701413164093e-06,0.003497026241960466,9.713961783223516e-07
4,0.5,6.505107563725687e-11,8.911402825440007e-06,0.006994052483856539,1.942792356626816e-06
4,1,1.301021512745137e-10,1.782280565176819e-05,0.01398810496772462,3.88558471325684e-06
4,2,2.602034143706078e-10,3.564561130264821e-05,0.02797620993549721,7.771169426527003e-06
4,4,5.204077169196353e-10,7.129122260618459e-05,0.0559524198709429,1.554233885303969e-05
4,8,1.040815433839271e-09,0.0001425824452132574,0.1119048397418925,3.108467770608124e-05
4,16,2.081630867678541e-09,0.0002851648904247384,0.2238096794837263,6.21693554121462e-05
4,32,4.163261735357082e-09,0.0005703297808494767,0.4476193589675086,0.0001243387108243079
4,64,8.326523470714164e-09,0.001140659561699842,0.8952387179349626,0.0002486774216486007
4,128,1.665304694142833e-08,0.002281319123399683,1.790477435869922,0.0004973548432972007
4,256,3.330609388285666e-08,0.004562638246800255,3.580954871739999,0.0009947096865944441
4,512,6.661218776571332e-08,0.009125276493599621,7.161909743480566,0.001989419373189046
4,1024,1.332243755314266e-07,0.01825055298720013,14.32381948696176,0.003978838746378267
4,2048,2.664487510628533e-07,0.03650110597440026,28.64763897392604,0.007957677492757232
4,4096,5.328975021257065e-07,0.07300221194879963,57.29527794785447,0.01591535498551513
4,8192,1.065795004251413e-06,0.1460044238975993,114.5905558957066,0.03183070997102962
4,16384,2.131590008502826e-06,0.2920088477951985,229.1811117914328,0.06366141994206467
4,32768,4.263180017005652e-06,0.5840176955903971,458.3622235828875,0.1273228398841354
4,65536,8.526360034011304e-06,1.168035391180787,916.7244471657385,0.2546456797682607
4,131072,1.705272006802261e-05,2.336070782361574,1833.448894331492,0.5092913595365255
4,262144,3.410544013604522e-05,4.672141564723148,3666.8977886631,1.018582719073083
4,524288,6.821088027209044e-05,9.344283129446296,7333.795577326025,2.037165438146118
4,1048576,0.0001364217605441809,18.68856625889259,14667.59115465222,4.074330876292285
4,2097152,0.0002728435210883617,37.37713251778518,29335.18230930491,8.148661752584697
4,4194304,0.0005456870421767235,74.75426503557037,58670.36461860936,16.29732350516927
4,8388608,0.001091374084353447,149.5085300711407,117340.7292372187,32.59464701033853
8,0.25,3.252509372941859e-11,4.455701413164093e-06,0.003497026241939594,9.713961783165538e-07
8,0.5,6.505196381567657e-11,8.911402826328185e-06,0.006994052483920932,1.942792356644703e-06
8,1,1.301021512745137e-10,1.782280565088001e-05,0.01398810496771308,3.885584713253633e-06
8,2,2.602043025490275e-10,3.564561130353638e-05,0.02797620993544925,7.771169426513681e-06
8,4,5.204068287412156e-10,7.129122260529641e-05,0.05595241987099442,1.554233885305401e-05
8,8,1.040815433839271e-09,0.0001425824452123692,0.1119048397418858,3.108467770607939e-05
8,16,2.081630867678541e-09,0.0002851648904265147,0.2238096794837849,6.216935541216249e-05
8,32,4.163261735357082e-09,0.0005703297808494767,0.4476193589674526,0.0001243387108242924
8,64,8.326523470714164e-09,0.001140659561698953,0.8952387179350172,0.0002486774216486159
8,128,1.665304694142833e-08,0.002281319123399683,1.790477435869925,0.0004973548432972015
8,256,3.330609388285666e-08,0.004562638246799366,3.580954871739845,0.0009947096865944014
8,512,6.661218776571332e-08,0.009125276493600509,7.161909743479997,0.001989419373188888
8,1024,1.332243755314266e-07,0.01825055298719924,14.32381948696113,0.003978838746378092
8,2048,2.664487510628533e-07,0.03650110597440026,28.64763897392352,0.007957677492756533
8,4096,5.328975021257065e-07,0.07300221194880052,57.29527794785207,0.01591535498551446
8,8192,1.065795004251413e-06,0.1460044238975993,114.5905558957089,0.03183070997103026
8,16384,2.131590008502826e-06,0.2920088477951985,229.1811117914133,0.06366141994205923
8,32768,4.263180017005652e-06,0.5840176955903971,458.3622235828656,0.1273228398841293
8,65536,8.526360034011304e-06,1.168035391180794,916.7244471657749,0.2546456797682708
8,131072,1.705272006802261e-05,2.336070782361574,1833.448894331477,0.5092913595365214
8,262144,3.410544013604522e-05,4.672141564723148,3666.897788662983,1.018582719073051
8,524288,6.821088027209044e-05,9.344283129446296,7333.795577326199,2.037165438146166
8,1048576,0.0001364217605441809,18.68856625889259,14667.59115465205,4.074330876292236
8,2097152,0.0002728435210883617,37.37713251778518,29335.18230930445,8.148661752584569
8,4194304,0.0005456870421767235,74.75426503557037,58670.36461860983,16.29732350516939
8,8388608,0.001091374084353447,149.5085300711407,117340.7292372187,32.59464701033853
16,0.25,3.252509372941859e-11,4.455701411387736e-06,0.003497026241813472,9.713961782815201e-07
16,0.5,6.505018745883717e-11,8.911402826328185e-06,0.006994052483879187,1.942792356633108e-06
16,1,1.301039276313531e-10,1.782280565265637e-05,0.01398810496784186,3.885584713289406e-06
16,2,2.602043025490275e-10,3.564561130176003e-05,0.02797620993542616,7.771169426507265e-06
16,4,5.20408605098055e-10,7.129122260707277e-05,0.0559524198708985,1.554233885302736e-05
16,8,1.040813657482431e-09,0.0001425824452105928,0.1119048397419888,3.108467770610801e-05
16,16,2.081630867678541e-09,0.0002851648904247384,0.2238096794837716,6.216935541215878e-05
16,32,4.163261735357082e-09,0.0005703297808530294,0.4476193589675699,0.000124338710824325
16,64,8.326523470714164e-09,0.001140659561698953,0.8952387179349053,0.0002486774216485848
16,128,1.665304694142833e-08,0.002281319123397907,1.790477435870034,0.0004973548432972317
16,256,3.330609388285666e-08,0.004562638246799366,3.58095487173985,0.0009947096865944029
16,512,6.661218776571332e-08,0.009125276493598733,7.16190974347969,0.001989419373188803
16,1024,1.332243755314266e-07,0.01825055298720102,14.32381948695999,0.003978838746377777
16,2048,2.664487510628533e-07,0.03650110597439848,28.64763897392226,0.007957677492756185
16,4096,5.328975021257065e-07,0.07300221194880052,57.29527794784704,0.01591535498551307
16,8192,1.065795004251413e-06,0.146004423897601,114.5905558957041,0.03183070997102893
16,16384,2.131590008502826e-06,0.2920088477951985,229.1811117914179,0.06366141994206052
16,32768,4.263180017005652e-06,0.5840176955903971,458.3622235828265,0.1273228398841185
16,65536,8.526360034011304e-06,1.168035391180794,916.7244471657312,0.2546456797682587
16,131072,1.705272006802261e-05,2.336070782361588,1833.44889433155,0.5092913595365416
16,262144,3.410544013604522e-05,4.672141564723148,3666.897788662954,1.018582719073043
16,524288,6.821088027209044e-05,9.344283129446296,7333.795577325966,2.037165438146102
16,1048576,0.0001364217605441809,18.68856625889259,14667.5911546524,4.074330876292333
16,2097152,0.0002728435210883617,37.37713251778518,29335.1823093041,8.148661752584472
16,4194304,0.0005456870421767235,74.75426503557037,58670.3646186089,16.29732350516914
16,8388608,0.001091374084353447,149.5085300711407,117340.7292372197,32.59464701033879
32,0.25,3.252154101573979e-11,4.455701414940449e-06,0.00349702624169268,9.713961782479666e-07
32,0.5,6.505018745883717e-11,8.911402822775472e-06,0.006994052483626945,1.94279235656304e-06
32,1,1.301003749176743e-10,1.782280565265637e-05,0.01398810496775837,3.885584713266215e-06
32,2,2.602078552627063e-10,3.564561130531274e-05,0.02797620993568373,7.771169426578812e-06
32,4,5.20408605098055e-10,7.129122260352005e-05,0.05595241987085231,1.554233885301453e-05
32,8,1.04081721019611e-09,0.0001425824452141455,0.111904839741797,3.108467770605472e-05
32,16,2.081627314964862e-09,0.0002851648904211856,0.2238096794839777,6.216935541221602e-05
32,32,4.163261735357082e-09,0.0005703297808494767,0.4476193589675432,0.0001243387108243176
32,64,8.326523470714164e-09,0.001140659561706059,0.8952387179351398,0.00024867742164865
32,128,1.665304694142833e-08,0.002281319123397907,1.790477435869811,0.0004973548432971696
32,256,3.330609388285666e-08,0.004562638246795814,3.580954871740069,0.0009947096865944634
32,512,6.661218776571332e-08,0.009125276493598733,7.161909743479701,0.001989419373188806
32,1024,1.332243755314266e-07,0.01825055298719747,14.32381948695938,0.003978838746377606
32,2048,2.664487510628533e-07,0.03650110597440204,28.64763897391999,0.007957677492755553
32,4096,5.328975021257065e-07,0.07300221194879697,57.29527794784453,0.01591535498551237
32,8192,1.065795004251413e-06,0.146004423897601,114.5905558956941,0.03183070997102613
32,16384,2.131590008502826e-06,0.2920088477952021,229.1811117914083,0.06366141994205786
32,32768,4.263180017005652e-06,0.5840176955903971,458.3622235828357,0.127322839884121
32,65536,8.526360034011304e-06,1.168035391180794,916.724447165653,0.2546456797682369
32,131072,1.705272006802261e-05,2.336070782361588,1833.448894331462,0.5092913595365174
32,262144,3.410544013604522e-05,4.672141564723177,3666.8977886631,1.018582719073083
32,524288,6.821088027209044e-05,9.344283129446296,7333.795577325908,2.037165438146086
32,1048576,0.0001364217605441809,18.68856625889259,14667.59115465193,4.074330876292204
32,2097152,0.0002728435210883617,37.37713251778518,29335.1823093048,8.148661752584665
32,4194304,0.0005456870421767235,74.75426503557037,58670.3646186082,16.29732350516894
32,8388608,0.001091374084353447,149.5085300711407,117340.7292372178,32.59464701033828
64,0.25,3.252864644309739e-11,4.455701414940449e-06,0.003497026242108348,9.713961783634299e-07
64,0.5,6.504308203147957e-11,8.911402829880899e-06,0.00699405248338536,1.942792356495933e-06
64,1,1.301003749176743e-10,1.782280564555094e-05,0.01398810496725389,3.88558471312608e-06
64,2,2.602007498353487e-10,3.564561130531274e-05,0.02797620993551675,7.771169426532431e-06
64,4,5.204157105254126e-10,7.129122261062548e-05,0.05595241987136745,1.554233885315762e-05
64,8,1.04081721019611e-09,0.0001425824452070401,0.1119048397417046,3.108467770602906e-05
64,16,2.08163442039222e-09,0.0002851648904282911,0.223809679483594,6.216935541210945e-05
64,32,4.163254629929725e-09,0.0005703297808423713,0.4476193589679553,0.000124338710824432
64,64,8.326523470714164e-09,0.001140659561698953,0.8952387179350865,0.0002486774216486351
64,128,1.665304694142833e-08,0.002281319123412118,1.79047743587028,0.0004973548432972999
64,256,3.330609388285666e-08,0.004562638246795814,3.580954871739621,0.0009947096865943392
64,512,6.661218776571332e-08,0.009125276493591628,7.161909743480138,0.001989419373188927
64,1024,1.332243755314266e-07,0.01825055298719747,14.3238194869594,0.003978838746377612
64,2048,2.664487510628533e-07,0.03650110597439493,28.64763897391876,0.007957677492755211
64,4096,5.328975021257065e-07,0.07300221194880407,57.29527794783998,0.01591535498551111
64,8192,1.065795004251413e-06,0.1460044238975939,114.5905558956891,0.03183070997102474
64,16384,2.131590008502826e-06,0.2920088477952021,229.1811117913882,0.06366141994205227
64,32768,4.263180017005652e-06,0.5840176955904042,458.3622235828166,0.1273228398841157
64,65536,8.526360034011304e-06,1.168035391180794,916.7244471656714,0.2546456797682421
64,131072,1.705272006802261e-05,2.336070782361588,1833.448894331306,0.5092913595364739
64,262144,3.410544013604522e-05,4.672141564723177,3666.897788662925,1.018582719073035
64,524288,6.821088027209044e-05,9.344283129446353,7333.795577326199,2.037165438146166
64,1048576,0.0001364217605441809,18.68856625889259,14667.59115465182,4.074330876292171
64,2097152,0.0002728435210883617,37.37713251778518,29335.18230930387,8.148661752584408
64,4194304,0.0005456870421767235,74.75426503557037,58670.36461860959,16.29732350516933
64,8388608,0.001091374084353447,149.5085300711407,117340.7292372164,32.59464701033789
128,0.25,3.251443558838218e-11,4.455701429151304e-06,0.003497026242385459,9.713961784404053e-07
128,0.5,6.505729288619477e-11,8.911402829880899e-06,0.006994052484216695,1.94279235672686e-06
128,1,1.300861640629591e-10,1.78228056597618e-05,0.01398810496677072,3.885584712991866e-06
128,2,2.602007498353487e-10,3.564561129110189e-05,0.02797620993450778,7.771169426252161e-06
128,4,5.204014996706974e-10,7.129122261062548e-05,0.0559524198710335,1.554233885306486e-05
128,8,1.040831421050825e-09,0.000142582445221251,0.1119048397427349,3.108467770631525e-05
128,16,2.08163442039222e-09,0.0002851648904140802,0.2238096794834092,6.216935541205812e-05
128,32,4.16326884078444e-09,0.0005703297808565821,0.447619358967188,0.0001243387108242189
128,64,8.326509259859449e-09,0.001140659561684743,0.8952387179359107,0.0002486774216488641
128,128,1.665304694142833e-08,0.002281319123397907,1.790477435870173,0.0004973548432972702
128,256,3.330609388285666e-08,0.004562638246824235,3.580954871740559,0.0009947096865945998
128,512,6.661218776571332e-08,0.009125276493591628,7.161909743479242,0.001989419373188678
128,1024,1.332243755314266e-07,0.01825055298718326,14.32381948696028,0.003978838746377854
128,2048,2.664487510628533e-07,0.03650110597439493,28.6476389739188,0.007957677492755224
128,4096,5.328975021257065e-07,0.07300221194878986,57.29527794783752,0.01591535498551042
128,8192,1.065795004251413e-06,0.1460044238976081,114.59055589568,0.03183070997102221
128,16384,2.131590008502826e-06,0.2920088477951879,229.1811117913781,0.06366141994204948
128,32768,4.263180017005652e-06,0.5840176955904042,458.3622235827763,0.1273228398841045
128,65536,8.526360034011304e-06,1.168035391180808,916.7244471656331,0.2546456797682314
128,131072,1.705272006802261e-05,2.336070782361588,1833.448894331343,0.5092913595364842
128,262144,3.410544013604522e-05,4.672141564723177,3666.897788662612,1.018582719072948
128,524288,6.821088027209044e-05,9.344283129446353,7333.79557732585,2.03716543814607
128,1048576,0.0001364217605441809,18.68856625889271,14667.5911546524,4.074330876292333
128,2097152,0.0002728435210883617,37.37713251778518,29335.18230930363,8.148661752584342
128,4194304,0.0005456870421767235,74.75426503557037,58670.36461860773,16.29732350516882
128,8388608,0.001091374084353447,149.5085300711407,117340.7292372192,32.59464701033866
256,0.25,3.257127900724299e-11,4.455701400729595e-06,0.003497026242712309,9.713961785311968e-07
256,0.5,6.502887117676437e-11,8.911402858302608e-06,0.006994052484770918,1.942792356880811e-06
256,1,1.301145857723895e-10,1.78228056597618e-05,0.01398810496843339,3.88558471345372e-06
256,2,2.601723281259183e-10,3.56456113195236e-05,0.02797620993354144,7.771169425983733e-06
256,4,5.204014996706974e-10,7.129122258220377e-05,0.05595241986901556,1.554233885250432e-05
256,8,1.040802999341395e-09,0.000142582445221251,0.111904839742067,3.108467770612972e-05
256,16,2.08166284210165e-09,0.0002851648904425019,0.2238096794854698,6.21693554126305e-05
256,32,4.16326884078444e-09,0.0005703297808281604,0.4476193589668185,0.0001243387108241162
256,64,8.32653768156888e-09,0.001140659561713164,0.8952387179343759,0.0002486774216484378
256,128,1.66530185197189e-08,0.002281319123369485,1.790477435871821,0.0004973548432977282
256,256,3.330609388285666e-08,0.004562638246795814,3.580954871740346,0.0009947096865945404
256,512,6.661218776571332e-08,0.009125276493648471,7.161909743481118,0.0019894193731892
256,1024,1.332243755314266e-07,0.01825055298718326,14.32381948695848,0.003978838746377357
256,2048,2.664487510628533e-07,0.03650110597436651,28.64763897392055,0.007957677492755708
256,4096,5.328975021257065e-07,0.07300221194878986,57.2952779478376,0.01591535498551045
256,8192,1.065795004251413e-06,0.1460044238975797,114.590555895675,0.03183070997102085
256,16384,2.131590008502826e-06,0.2920088477952163,229.1811117913599,0.06366141994204443
256,32768,4.263180017005652e-06,0.5840176955903758,458.3622235827562,0.127322839884099
256,65536,8.526360034011304e-06,1.168035391180808,916.7244471655526,0.2546456797682091
256,131072,1.705272006802261e-05,2.336070782361617,1833.448894331266,0.5092913595364629
256,262144,3.410544013604522e-05,4.672141564723177,3666.897788662686,1.018582719072968
256,524288,6.821088027209044e-05,9.344283129446353,7333.795577325224,2.037165438145895
256,1048576,0.0001364217605441809,18.68856625889271,14667.5911546517,4.074330876292139
256,2097152,0.0002728435210883617,37.37713251778541,29335.1823093048,8.148661752584665
256,4194304,0.0005456870421767235,74.75426503557037,58670.36461860727,16.29732350516868
256,8388608,0.001091374084353447,149.5085300711407,117340.7292372155,32.59464701033763
512,0.25,3.251443558838218e-11,4.455701400729595e-06,0.003497026242200718,9.713961783890884e-07
512,0.5,6.514255801448599e-11,8.91140280145919e-06,0.006994052485424618,1.942792357062394e-06
512,1,1.300577423535287e-10,1.782280571660522e-05,0.01398810496954184,3.885584713761621e-06
512,2,2.602291715447791e-10,3.56456113195236e-05,0.02797620993686678,7.771169426907439e-06
512,4,5.203446562518366e-10,7.129122263904719e-05,0.05595241986708288,1.554233885196747e-05
512,8,1.040802999341395e-09,0.0001425824451644075,0.1119048397380311,3.108467770500864e-05
512,16,2.08160599868279e-09,0.0002851648904425019,0.223809679484134,6.216935541225944e-05
512,32,4.163325684203301e-09,0.0005703297808850039,0.4476193589709396,0.000124338710825261
512,64,8.32653768156888e-09,0.001140659561656321,0.895238717933637,0.0002486774216482325
512,128,1.665307536313776e-08,0.002281319123426329,1.790477435868752,0.0004973548432968756
512,256,3.33060370394378e-08,0.00456263824673897,3.580954871743643,0.0009947096865954564
512,512,6.661218776571332e-08,0.009125276493591628,7.161909743480692,0.001989419373189081
512,1024,1.332243755314266e-07,0.01825055298729694,14.32381948696224,0.003978838746378399
512,2048,2.664487510628533e-07,0.03650110597436651,28.64763897391697,0.007957677492754714
512,4096,5.328975021257065e-07,0.07300221194873302,57.2952779478411,0.01591535498551142
512,8192,1.065795004251413e-06,0.1460044238975797,114.5905558956752,0.03183070997102089
512,16384,2.131590008502826e-06,0.2920088477951595,229.1811117913501,0.06366141994204169
512,32768,4.263180017005652e-06,0.5840176955904326,458.3622235827198,0.1273228398840889
512,65536,8.526360034011304e-06,1.168035391180752,916.7244471655124,0.2546456797681979
512,131072,1.705272006802261e-05,2.336070782361617,1833.448894331105,0.5092913595364181
512,262144,3.410544013604522e-05,4.672141564723233,3666.897788662533,1.018582719072926
512,524288,6.821088027209044e-05,9.344283129446353,7333.795577325372,2.037165438145937
512,1048576,0.0001364217605441809,18.68856625889271,14667.59115465045,4.074330876291791
512,2097152,0.0002728435210883617,37.37713251778541,29335.1823093034,8.148661752584278
512,4194304,0.0005456870421767235,74.75426503557082,58670.36461860959,16.29732350516933
512,8388608,0.001091374084353447,149.5085300711407,117340.7292372145,32.59464701033737
1024,0.25,3.251443558838218e-11,4.455701400729595e-06,0.003497026241461754,9.713961781838204e-07
1024,0.5,6.502887117676437e-11,8.91140280145919e-06,0.006994052484401436,1.942792356778177e-06
1024,1,1.30285116028972e-10,1.782280560291838e-05,0.01398810497084924,3.885584714124787e-06
1024,2,2.601154847070575e-10,3.564561143321043e-05,0.02797620993908367,7.771169427523242e-06
1024,4,5.204583430895582e-10,7.129122263904719e-05,0.05595241987373356,1.554233885381488e-05
1024,8,1.040689312503673e-09,0.0001425824452780944,0.1119048397341658,3.108467770393493e-05
1024,16,2.08160599868279e-09,0.0002851648903288151,0.2238096794760622,6.216935541001729e-05
1024,32,4.163211997365579e-09,0.0005703297808850039,0.447619358968268,0.0001243387108245189
1024,64,8.326651368406601e-09,0.001140659561770008,0.8952387179418793,0.000248677421650522
1024,128,1.665307536313776e-08,0.002281319123312642,1.790477435867274,0.000497354843296465
1024,256,3.330615072627552e-08,0.004562638246852657,3.580954871737504,0.0009947096865937511
1024,512,6.661207407887559e-08,0.009125276493477941,7.161909743487286,0.001989419373190913
1024,1024,1.332243755314266e-07,0.01825055298718326,14.32381948696138,0.003978838746378162
1024,2048,2.664487510628533e-07,0.03650110597459388,28.64763897392447,0.007957677492756799
1024,4096,5.328975021257065e-07,0.07300221194873302,57.29527794783394,0.01591535498550943
1024,8192,1.065795004251413e-06,0.146004423897466,114.5905558956822,0.03183070997102283
1024,16384,2.131590008502826e-06,0.2920088477951595,229.1811117913504,0.06366141994204179
1024,32768,4.263180017005652e-06,0.5840176955903189,458.3622235827002,0.1273228398840834
1024,65536,8.526360034011304e-06,1.168035391180865,916.7244471654396,0.2546456797681777
1024,131072,1.705272006802261e-05,2.336070782361503,1833.448894331025,0.5092913595363958
1024,262144,3.410544013604522e-05,4.672141564723233,3666.897788662211,1.018582719072836
1024,524288,6.821088027209044e-05,9.344283129446467,7333.795577325065,2.037165438145851
1024,1048576,0.0001364217605441809,18.68856625889271,14667.59115465074,4.074330876291874
1024,2097152,0.0002728435210883617,37.37713251778541,29335.1823093009,8.148661752583582
1024,4194304,0.0005456870421767235,74.75426503557082,58670.3646186068,16.29732350516856
1024,8388608,0.001091374084353447,149.5085300711416,117340.7292372192,32.59464701033866
2048,0.25,3.228706191293895e-11,4.455701400729595e-06,0.003497026240211198,9.713961778364441e-07
2048,0.5,6.502887117676437e-11,8.91140280145919e-06,0.006994052482923507,1.942792356367641e-06
2048,1,1.300577423535287e-10,1.782280560291838e-05,0.01398810496880287,3.885584713556354e-06
2048,2,2.605702320579439e-10,3.564561120583676e-05,0.02797620994169847,7.771169428249575e-06
2048,4,5.20230969414115e-10,7.129122286642087e-05,0.05595241987816735,1.554233885504648e-05
2048,8,1.040916686179116e-09,0.0001425824452780944,0.1119048397474671,3.108467770762976e-05
2048,16,2.081378625007346e-09,0.0002851648905561888,0.2238096794683315,6.216935540786986e-05
2048,32,4.163211997365579e-09,0.0005703297806576302,0.4476193589521245,0.0001243387108200346
2048,64,8.326423994731158e-09,0.001140659561770008,0.895238717936536,0.0002486774216490378
2048,128,1.66533027368132e-08,0.002281319123540015,1.790477435883759,0.000497354843301044
2048,256,3.330615072627552e-08,0.004562638246625284,3.580954871734548,0.00099470968659293
2048,512,6.661230145255104e-08,0.009125276493705314,7.161909743475007,0.001989419373187502
2048,1024,1.332241481577512e-07,0.01825055298695588,14.32381948697457,0.003978838746381825
2048,2048,2.664487510628533e-07,0.03650110597436651,28.64763897392277,0.007957677492756323
2048,4096,5.328975021257065e-07,0.07300221194918777,57.29527794784894,0.0159153549855136
2048,8192,1.065795004251413e-06,0.146004423897466,114.5905558956679,0.03183070997101885
2048,16384,2.131590008502826e-06,0.2920088477949321,229.1811117913644,0.06366141994204566
2048,32768,4.263180017005652e-06,0.5840176955903189,458.3622235827008,0.1273228398840836
2048,65536,8.526360034011304e-06,1.168035391180638,916.7244471654003,0.2546456797681668
2048,131072,1.705272006802261e-05,2.33607078236173,1833.448894330879,0.5092913595363554
2048,262144,3.410544013604522e-05,4.672141564723006,3666.89778866205,1.018582719072792
2048,524288,6.821088027209044e-05,9.344283129446467,7333.795577324421,2.037165438145673
2048,1048576,0.0001364217605441809,18.68856625889293,14667.59115465013,4.074330876291703
2048,2097152,0.0002728435210883617,37.37713251778541,29335.18230930149,8.148661752583747
2048,4194304,0.0005456870421767235,74.75426503557082,58670.36461860179,16.29732350516716
2048,8388608,0.001091374084353447,149.5085300711416,117340.7292372136,32.59464701033711
4096,0.25,3.274180926382542e-11,4.455700945982244e-06,0.00349702624771453,9.713961799207027e-07
4096,0.5,6.45741238258779e-11,8.91140280145919e-06,0.006994052480422397,1.942792355672888e-06
4096,1,1.300577423535287e-10,1.782280560291838e-05,0.01398810496584701,3.885584712735281e-06
4096,2,2.601154847070575e-10,3.564561120583676e-05,0.02797620993760574,7.771169427112707e-06
4096,4,5.211404641158879e-10,7.129122241167352e-05,0.05595241988339694,1.554233885649915e-05
4096,8,1.04046193882823e-09,0.0001425824457328417,0.1119048397563347,3.108467771009297e-05
4096,16,2.081833372358233e-09,0.0002851648905561888,0.2238096794949342,6.216935541525951e-05
4096,32,4.162757250014693e-09,0.0005703297811123775,0.447619358936663,0.0001243387108157397
4096,64,8.326423994731158e-09,0.00114065956131526,0.8952387179042489,0.0002486774216400692
4096,128,1.665284798946232e-08,0.002281319123540015,1.790477435873072,0.0004973548432980756
4096,256,3.330660547362641e-08,0.004562638247080031,3.580954871767517,0.000994709686602088
4096,512,6.661230145255104e-08,0.009125276493250567,7.161909743469096,0.00198941937318586
4096,1024,1.332246029051021e-07,0.01825055298741063,14.32381948695001,0.003978838746375005
4096,2048,2.664482963155024e-07,0.03650110597391176,28.64763897394914,0.007957677492763651
4096,4096,5.328975021257065e-07,0.07300221194873302,57.29527794784553,0.01591535498551265
4096,8192,1.065795004251413e-06,0.1460044238983755,114.5905558956979,0.03183070997102719
4096,16384,2.131590008502826e-06,0.2920088477949321,229.1811117913358,0.06366141994203771
4096,32768,4.263180017005652e-06,0.5840176955898642,458.3622235827288,0.1273228398840913
4096,65536,8.526360034011304e-06,1.168035391180638,916.7244471654017,0.2546456797681672
4096,131072,1.705272006802261e-05,2.336070782361276,1833.448894330801,0.5092913595363335
4096,262144,3.410544013604522e-05,4.672141564723461,3666.897788661759,1.018582719072711
4096,524288,6.821088027209044e-05,9.344283129446012,7333.795577324099,2.037165438145583
4096,1048576,0.0001364217605441809,18.68856625889293,14667.59115464884,4.074330876291345
4096,2097152,0.0002728435210883617,37.37713251778587,29335.18230930026,8.148661752583406
4096,4194304,0.0005456870421767235,74.75426503557082,58670.36461860297,16.29732350516749
4096,8388608,0.001091374084353447,149.5085300711416,117340.7292372036,32.59464701033433
8192,0.25,3.274180926382542e-11,4.455701855476946e-06,0.003497026272270887,9.71396186741913e-07
8192,0.5,6.548361852765083e-11,8.911401891964488e-06,0.006994052495429059,1.942792359841405e-06
8192,1,1.291482476517558e-10,1.782280560291838e-05,0.01398810496084479,3.885584711345776e-06
8192,2,2.601154847070575e-10,3.564561120583676e-05,0.02797620993169403,7.771169425470563e-06
8192,4,5.20230969414115e-10,7.129122241167352e-05,0.05595241987521149,1.554233885422541e-05
8192,8,1.042280928231776e-09,0.000142582444823347,0.1119048397667939,3.10846777129983e-05
8192,16,2.08092387765646e-09,0.0002851648914656835,0.2238096795126694,6.216935542018594e-05
8192,32,4.163666744716465e-09,0.0005703297811123775,0.4476193589898685,0.000124338710830519
8192,64,8.325514500029385e-09,0.001140659562224755,0.8952387178733261,0.0002486774216314794
8192,128,1.665284798946232e-08,0.002281319122630521,1.790477435808498,0.0004973548432801383
8192,256,3.330569597892463e-08,0.004562638247080031,3.580954871746144,0.0009947096865961511
8192,512,6.661321094725281e-08,0.009125276494160062,7.161909743535034,0.001989419373204176
8192,1024,1.332246029051021e-07,0.01825055298650113,14.32381948693819,0.00397883874637172
8192,2048,2.664492058102041e-07,0.03650110597482126,28.64763897390003,0.007957677492750009
8192,4096,5.328965926310048e-07,0.07300221194782353,57.29527794789828,0.0159153549855273
8192,8192,1.065795004251413e-06,0.146004423897466,114.5905558956911,0.03183070997102529
8192,16384,2.131590008502826e-06,0.2920088477967511,229.1811117913958,0.06366141994205439
8192,32768,4.263180017005652e-06,0.5840176955898642,458.3622235826715,0.1273228398840754
8192,65536,8.526360034011304e-06,1.168035391179728,916.7244471654576,0.2546456797681826
8192,131072,1.705272006802261e-05,2.336070782361276,1833.448894330803,0.5092913595363343
8192,262144,3.410544013604522e-05,4.672141564722551,3666.897788661601,1.018582719072667
8192,524288,6.821088027209044e-05,9.344283129446922,7333.795577323517,2.037165438145422
8192,1048576,0.0001364217605441809,18.68856625889202,14667.5911546482,4.074330876291167
8192,2097152,0.0002728435210883617,37.37713251778587,29335.18230929768,8.14866175258269
8192,4194304,0.0005456870421767235,74.75426503557173,58670.36461860052,16.29732350516681
8192,8388608,0.001091374084353447,149.5085300711416,117340.7292372059,32.59464701033499
16384,0.25,3.274180926382542e-11,4.455701855476946e-06,0.00349702621679171,9.713961713310305e-07
16384,0.5,6.548361852765083e-11,8.911403710953891e-06,0.006994052544541773,1.942792373483826e-06
16384,1,1.309672370553017e-10,1.782280378392898e-05,0.01398810499085812,3.885584719682811e-06
16384,2,2.582964953035116e-10,3.564561120583676e-05,0.02797620992168959,7.771169422691553e-06
16384,4,5.20230969414115e-10,7.129122241167352e-05,0.05595241986338806,1.554233885094113e-05
16384,8,1.04046193882823e-09,0.000142582444823347,0.111904839750423,3.108467770845083e-05
16384,16,2.084561856463552e-09,0.0002851648896466941,0.2238096795335878,6.21693554259966e-05
16384,32,4.16184775531292e-09,0.0005703297829313669,0.4476193590253388,0.0001243387108403719
16384,64,8.327333489432931e-09,0.001140659562224755,0.895238717979737,0.0002486774216610381
16384,128,1.665102900005877e-08,0.00228131912444951,1.790477435746652,0.0004973548432629589
16384,256,3.330569597892463e-08,0.004562638245261041,3.580954871616996,0.0009947096865602766
16384,512,6.661139195784926e-08,0.009125276494160062,7.161909743492288,0.001989419373192302
16384,1024,1.332264218945056e-07,0.01825055298832012,14.32381948707007,0.003978838746408352
16384,2048,2.664492058102041e-07,0.03650110597300227,28.64763897387638,0.00795767749274344
16384,4096,5.328984116204083e-07,0.07300221194964251,57.29527794780006,0.01591535498550002
16384,8192,1.06579318526201e-06,0.1460044238956471,114.5905558957966,0.0318307099710546
16384,16384,2.131590008502826e-06,0.2920088477949321,229.1811117913821,0.06366141994205059
16384,32768,4.263180017005652e-06,0.5840176955935021,458.3622235827916,0.1273228398841088
16384,65536,8.526360034011304e-06,1.168035391179728,916.724447165343,0.2546456797681508
16384,131072,1.705272006802261e-05,2.336070782359457,1833.448894330915,0.5092913595363653
16384,262144,3.410544013604522e-05,4.672141564722551,3666.897788661607,1.018582719072669
16384,524288,6.821088027209044e-05,9.344283129445103,7333.795577323202,2.037165438145334
16384,1048576,0.0001364217605441809,18.68856625889384,14667.59115464703,4.074330876290843
16384,2097152,0.0002728435210883617,37.37713251778405,29335.1823092964,8.148661752582333
16384,4194304,0.0005456870421767235,74.75426503557173,58670.36461859537,16.29732350516538
16384,8388608,0.001091374084353447,149.5085300711435,117340.729237201,32.59464701033362
32768,0.25,3.637978807091713e-11,4.455701855476946e-06,0.003497026351396926,9.713962087213683e-07
32768,0.5,6.548361852765083e-11,8.911403710953891e-06,0.00699405243358342,1.942792342662061e-06
32768,1,1.309672370553017e-10,1.782280742190778e-05,0.01398810508908355,3.885584746967652e-06
32768,2,2.619344741106033e-10,3.564560756785795e-05,0.02797620998171624,7.771169439365622e-06
32768,4,5.165929906070232e-10,7.129122241167352e-05,0.05595241984337918,1.554233884538311e-05
32768,8,1.04046193882823e-09,0.000142582444823347,0.1119048397267761,3.108467770188225e-05
32768,16,2.08092387765646e-09,0.0002851648896466941,0.223809679500846,6.216935541690166e-05
32768,32,4.169123712927103e-09,0.0005703297792933881,0.4476193590671755,0.0001243387108519932
32768,64,8.323695510625839e-09,0.001140659565862734,0.8952387180506776,0.0002486774216807438
32768,128,1.665466697886586e-08,0.00228131912444951,1.790477435959474,0.0004973548433220761
32768,256,3.330205800011754e-08,0.00456263824889902,3.580954871493304,0.0009947096865259178
32768,512,6.661139195784926e-08,0.009125276490522083,7.161909743233991,0.001989419373120553
32768,1024,1.332227839156985e-07,0.01825055298832012,14.32381948698458,0.003978838746384604
32768,2048,2.664528437890112e-07,0.03650110597664025,28.64763897414014,0.007957677492816704
32768,4096,5.328984116204083e-07,0.07300221194600454,57.29527794775277,0.01591535498548688
32768,8192,1.065796823240817e-06,0.146004423899285,114.5905558956001,0.03183070997100004
32768,16384,2.131586370524019e-06,0.2920088477912941,229.1811117915931,0.06366141994210921
32768,32768,4.263180017005652e-06,0.5840176955898642,458.3622235827643,0.1273228398841012
32768,65536,8.526360034011304e-06,1.168035391187004,916.7244471655831,0.2546456797682176
32768,131072,1.705272006802261e-05,2.336070782359457,1833.448894330686,0.5092913595363017
32768,262144,3.410544013604522e-05,4.672141564718913,3666.89778866183,1.018582719072731
32768,524288,6.821088027209044e-05,9.344283129445103,7333.795577323213,2.037165438145337
32768,1048576,0.0001364217605441809,18.68856625889021,14667.5911546464,4.074330876290668
32768,2097152,0.0002728435210883617,37.37713251778769,29335.18230929407,8.148661752581686
32768,4194304,0.0005456870421767235,74.7542650355681,58670.36461859279,16.29732350516467
32768,8388608,0.001091374084353447,149.5085300711435,117340.7292371907,32.59464701033076
65536,0.25,2.91038304567337e-11,4.455694579519331e-06,0.00349702597304713,9.713961036242028e-07
65536,0.5,7.275957614183426e-11,8.911403710953891e-06,0.006994052702793851,1.942792417442737e-06
65536,1,1.309672370553017e-10,1.782280742190778e-05,0.01398810486716684,3.885584685324122e-06
65536,2,2.619344741106033e-10,3.564561484381557e-05,0.02797621017816709,7.771169493935304e-06
65536,4,5.238689482212067e-10,7.12912151357159e-05,0.05595241996343248,1.554233887873124e-05
65536,8,1.033185981214046e-09,0.000142582444823347,0.1119048396867584,3.108467769076621e-05
65536,16,2.08092387765646e-09,0.0002851648896466941,0.2238096794535522,6.21693554037645e-05
65536,32,4.16184775531292e-09,0.0005703297792933881,0.4476193590016919,0.0001243387108338033
65536,64,8.338247425854206e-09,0.001140659558586776,0.8952387181343511,0.0002486774217039864
65536,128,1.664739102125168e-08,0.002281319131725468,1.790477436101355,0.0004973548433614875
65536,256,3.330933395773172e-08,0.00456263824889902,3.580954871918948,0.0009947096866441522
65536,512,6.660411600023508e-08,0.009125276497798041,7.161909742986609,0.001989419373051836
65536,1024,1.332227839156985e-07,0.01825055298104417,14.32381948646798,0.003978838746241106
65536,2048,2.664455678313971e-07,0.03650110597664025,28.64763897396915,0.007957677492769209
65536,4096,5.329056875780225e-07,0.07300221195328049,57.29527794828027,0.01591535498563341
65536,8192,1.065796823240817e-06,0.1460044238920091,114.5905558955055,0.03183070997097376
65536,16384,2.131593646481633e-06,0.2920088477985701,229.1811117912002,0.06366141994200007
65536,32768,4.263172741048038e-06,0.5840176955825882,458.3622235831863,0.1273228398842184
65536,65536,8.526360034011304e-06,1.168035391179728,916.7244471655285,0.2546456797682023
65536,131072,1.705272006802261e-05,2.336070782374009,1833.448894331166,0.5092913595364351
65536,262144,3.410544013604522e-05,4.672141564718913,3666.897788661372,1.018582719072603
65536,524288,6.821088027209044e-05,9.344283129437827,7333.795577323661,2.037165438145461
65536,1048576,0.0001364217605441809,18.68856625889021,14667.59115464643,4.074330876290674
65536,2097152,0.0002728435210883617,37.37713251778041,29335.18230929281,8.148661752581337
65536,4194304,0.0005456870421767235,74.75426503557537,58670.36461858814,16.29732350516337
65536,8388608,0.001091374084353447,149.5085300711362,117340.7292371856,32.59464701032933
131072,0.25,2.91038304567337e-11,4.45570913143456e-06,0.003497026977129281,9.713963825359113e-07
131072,0.5,5.820766091346741e-11,8.911389159038663e-06,0.00699405194609426,1.942792207248406e-06
131072,1,1.455191522836685e-10,1.782280742190778e-05,0.0139881054055877,3.885584834885473e-06
131072,2,2.619344741106033e-10,3.564561484381557e-05,0.02797620973433368,7.771169370648244e-06
131072,4,5.238689482212067e-10,7.129122968763113e-05,0.05595242035633419,1.554233898787061e-05
131072,8,1.047737896442413e-09,0.0001425824302714318,0.111904839926865,3.108467775746249e-05
131072,16,2.066371962428093e-09,0.0002851648896466941,0.2238096793735167,6.216935538153242e-05
131072,32,4.16184775531292e-09,0.0005703297792933881,0.4476193589071045,0.000124338710807529
131072,64,8.323695510625839e-09,0.001140659558586776,0.8952387180033838,0.0002486774216676066
131072,128,1.667649485170841e-08,0.002281319117173553,1.790477436268702,0.0004973548434079728
131072,256,3.329478204250336e-08,0.004562638263450935,3.58095487220271,0.000994709686722975
131072,512,6.661866791546345e-08,0.009125276497798041,7.161909743837896,0.001989419373288304
131072,1024,1.332082320004702e-07,0.01825055299559608,14.32381948597322,0.003978838746103671
131072,2048,2.664455678313971e-07,0.03650110596208833,28.64763897293597,0.007957677492482213
131072,4096,5.328911356627941e-07,0.07300221195328049,57.2952779479383,0.01591535498553842
131072,8192,1.065811375156045e-06,0.146004423906561,114.5905558965605,0.03183070997126682
131072,16384,2.131593646481633e-06,0.2920088477840181,229.1811117910111,0.06366141994194752
131072,32768,4.263187292963266e-06,0.5840176955971401,458.3622235824005,0.1273228398840001
131072,65536,8.526345482096076e-06,1.168035391165176,916.7244471663726,0.2546456797684368
131072,131072,1.705272006802261e-05,2.336070782359457,1833.448894331057,0.5092913595364047
131072,262144,3.410544013604522e-05,4.672141564748017,3666.897788662332,1.01858271907287
131072,524288,6.821088027209044e-05,9.344283129437827,7333.795577322744,2.037165438145207
131072,1048576,0.0001364217605441809,18.68856625887565,14667.59115464732,4.074330876290922
131072,2097152,0.0002728435210883617,37.37713251778041,29335.18230929285,8.148661752581349
131072,4194304,0.0005456870421767235,74.75426503556082,58670.36461858562,16.29732350516267
131072,8388608,0.001091374084353447,149.5085300711507,117340.7292371763,32.59464701032675
262144,0.25,0,4.455738235265017e-06,0.00349702566745691,9.713960187380305e-07
262144,0.5,5.820766091346741e-11,8.91141826286912e-06,0.006994053954258561,1.942792765071823e-06
262144,1,1.164153218269348e-10,1.782277831807733e-05,0.01398810389218852,3.885584414496811e-06
262144,2,2.91038304567337e-10,3.564561484381557e-05,0.02797621081117541,7.771169669770947e-06
262144,4,5.238689482212067e-10,7.129122968763113e-05,0.05595241946866736,1.554233874129649e-05
262144,8,1.047737896442413e-09,0.0001425824593752623,0.1119048407126684,3.108467797574122e-05
262144,16,2.095475792884827e-09,0.0002851648605428636,0.2238096798537299,6.216935551492497e-05
262144,32,4.132743924856186e-09,0.0005703297792933881,0.4476193587470334,0.0001243387107630648
262144,64,8.323695510625839e-09,0.001140659558586776,0.8952387178142089,0.000248677421615058
262144,128,1.664739102125168e-08,0.002281319117173553,1.790477436006768,0.0004973548433352133
262144,256,3.335298970341682e-08,0.004562638234347105,3.580954872537404,0.0009947096868159456
262144,512,6.658956408500671e-08,0.009125276526901871,7.16190974440542,0.00198941937344595
262144,1024,1.332373358309269e-07,0.01825055299559608,14.32381948767579,0.003978838746576609
262144,2048,2.664164640009403e-07,0.03650110599119216,28.64763897194644,0.007957677492207342
262144,4096,5.328911356627941e-07,0.07300221192417666,57.29527794587193,0.01591535498496443
262144,8192,1.065782271325588e-06,0.146004423906561,114.5905558958766,0.03183070997107684
262144,16384,2.13162275031209e-06,0.292008847813122,229.1811117931211,0.06366141994253363
262144,32768,4.263187292963266e-06,0.5840176955680363,458.3622235820221,0.127322839883895
262144,65536,8.526374585926533e-06,1.16803539119428,916.7244471648009,0.2546456797680003
262144,131072,1.705269096419215e-05,2.336070782330353,1833.448894332745,0.5092913595368737
262144,262144,3.410544013604522e-05,4.672141564718913,3666.897788662114,1.018582719072809
262144,524288,6.821088027209044e-05,9.344283129496034,7333.795577324665,2.03716543814574
262144,1048576,0.0001364217605441809,18.68856625887565,14667.59115464549,4.074330876290413
262144,2097152,0.0002728435210883617,37.37713251775131,29335.18230929464,8.148661752581845
262144,4194304,0.0005456870421767235,74.75426503556082,58670.36461858571,16.2973235051627
262144,8388608,0.001091374084353447,149.5085300711216,117340.7292371712,32.59464701032535
524288,0.25,0,4.455680027604103e-06,0.003497025114484131,9.713958651344809e-07
524288,0.5,0,8.911476470530033e-06,0.00699405133491382,1.942792037476061e-06
524288,1,1.164153218269348e-10,1.782283652573824e-05,0.01398810790851712,3.885585530143645e-06
524288,2,2.328306436538696e-10,3.564555663615465e-05,0.02797620778437704,7.771168828993622e-06
524288,4,5.820766091346741e-10,7.129122968763113e-05,0.05595242162235081,1.554233933954189e-05
524288,8,1.047737896442413e-09,0.0001425824593752623,0.1119048389373347,3.108467748259298e-05
524288,16,2.095475792884827e-09,0.0002851649187505245,0.2238096814253367,6.216935595148243e-05
524288,32,4.190951585769653e-09,0.0005703297210857272,0.4476193597074598,0.0001243387110298499
524288,64,8.265487849712372e-09,0.001140659558586776,0.8952387174940668,0.0002486774215261297
524288,128,1.664739102125168e-08,0.002281319117173553,1.790477435628418,0.000497354843230116
524288,256,3.329478204250336e-08,0.004562638234347105,3.580954872013535,0.0009947096866704266
524288,512,6.670597940683365e-08,0.00912527646869421,7.161909745074809,0.001989419373631891
524288,1024,1.331791281700134e-07,0.01825055305380374,14.32381948881084,0.0039788387468919
524288,2048,2.664746716618538e-07,0.03650110599119216,28.64763897535158,0.007957677493153218
524288,4096,5.328329280018806e-07,0.07300221198238432,57.29527794389287,0.01591535498441468
524288,8192,1.065782271325588e-06,0.1460044238483533,114.5905558917439,0.03183070996992885
524288,16384,2.131564542651176e-06,0.292008847813122,229.1811117917532,0.06366141994215367
524288,32768,4.26324550062418e-06,0.5840176956262439,458.3622235862422,0.1273228398850673
524288,65536,8.526374585926533e-06,1.168035391136073,916.7244471640442,0.2546456797677901
524288,131072,1.705274917185307e-05,2.33607078238856,1833.448894329602,0.5092913595360006
524288,262144,3.41053819283843e-05,4.672141564660706,3666.89778866549,1.018582719073747
524288,524288,6.821088027209044e-05,9.344283129437827,7333.795577324228,2.037165438145619
524288,1048576,0.0001364217605441809,18.68856625899207,14667.59115464933,4.074330876291481
524288,2097152,0.0002728435210883617,37.37713251775131,29335.18230929098,8.148661752580827
524288,4194304,0.0005456870421767235,74.75426503550261,58670.36461858929,16.29732350516369
524288,8388608,0.001091374084353447,149.5085300711216,117340.7292371714,32.5946470103254
1048576,0.25,0,4.455680027604103e-06,0.0034970180131495,9.713938925415276e-07
1048576,0.5,0,8.911360055208206e-06,0.006994050228968263,1.942791730268962e-06
1048576,1,0,1.782295294106007e-05,0.01398810266982764,3.885584074952122e-06
1048576,2,2.328306436538696e-10,3.564567305147648e-05,0.02797621581703424,7.771171060287291e-06
1048576,4,4.656612873077393e-10,7.12911132723093e-05,0.05595241556875408,1.554233765798724e-05
1048576,8,1.164153218269348e-09,0.0001425824593752623,0.1119048432447016,3.108467867908379e-05
1048576,16,2.095475792884827e-09,0.0002851649187505245,0.2238096778746694,6.216935496518595e-05
1048576,32,4.190951585769653e-09,0.000570329837501049,0.4476193628506735,0.0001243387119029649
1048576,64,8.381903171539307e-09,0.001140659442171454,0.8952387194149196,0.0002486774220596999
1048576,128,1.653097569942474e-08,0.002281319117173553,1.790477434988134,0.0004973548430522594
1048576,256,3.329478204250336e-08,0.004562638234347105,3.580954871256836,0.0009947096864602321
1048576,512,6.658956408500671e-08,0.00912527646869421,7.161909744027071,0.001989419373340853
1048576,1024,1.334119588136673e-07,0.01825055293738842,14.32381949014962,0.003978838747263782
1048576,2048,2.663582563400269e-07,0.03650110610760748,28.64763897762168,0.0079576774937838
1048576,4096,5.329493433237076e-07,0.07300221198238432,57.29527795070317,0.01591535498630644
1048576,8192,1.065665856003761e-06,0.1460044239647686,114.5905558877857,0.03183070996882937
1048576,16384,2.131564542651176e-06,0.2920088476967067,229.1811117834877,0.0636614199398577
1048576,32768,4.263129085302353e-06,0.5840176956262439,458.3622235835064,0.1273228398843073
1048576,65536,8.52649100124836e-06,1.168035391252488,916.7244471724844,0.2546456797701345
1048576,131072,1.705274917185307e-05,2.336070782272145,1833.448894328088,0.5092913595355801
1048576,262144,3.410549834370613e-05,4.672141564777121,3666.897788659204,1.018582719072001
1048576,524288,6.821076385676861e-05,9.344283129321411,7333.79557733098,2.037165438147495
1048576,1048576,0.0001364217605441809,18.68856625887565,14667.59115464846,4.074330876291238
1048576,2097152,0.0002728435210883617,37.37713251798414,29335.18230929866,8.148661752582962
1048576,4194304,0.0005456870421767235,74.75426503550261,58670.36461858195,16.29732350516165
1048576,8388608,0.001091374084353447,149.5085300710052,117340.7292371786,32.59464701032738
2097152,0.25,0,4.455447196960449e-06,0.00349702499806881,9.713958327968916e-07
2097152,0.5,0,8.911360055208206e-06,0.006994036026299,1.942787785083055e-06
2097152,1,0,1.782272011041641e-05,0.01398810045793653,3.885583460537924e-06
2097152,2,0,3.564590588212013e-05,0.02797620533965528,7.771168149904244e-06
2097152,4,4.656612873077393e-10,7.129134610295296e-05,0.05595243163406849,1.554234212057458e-05
2097152,8,9.313225746154785e-10,0.0001425822265446186,0.1119048311375082,3.108467531597449e-05
2097152,16,2.328306436538696e-09,0.0002851649187505245,0.2238096864894032,6.216935735816757e-05
2097152,32,4.190951585769653e-09,0.000570329837501049,0.4476193557493389,0.0001243387099303719
2097152,64,8.381903171539307e-09,0.001140659675002098,0.895238725701347,0.0002486774238059297
2097152,128,1.676380634307861e-08,0.002281318884342909,1.790477438829839,0.0004973548441193998
2097152,256,3.306195139884949e-08,0.004562638234347105,3.580954869976267,0.0009947096861045188
2097152,512,6.658956408500671e-08,0.00912527646869421,7.161909742513672,0.001989419372920464
2097152,1024,1.331791281700134e-07,0.01825055293738842,14.32381948805414,0.003978838746681706
2097152,2048,2.668239176273346e-07,0.03650110587477684,28.64763898029923,0.007957677494527565
2097152,4096,5.327165126800537e-07,0.07300221221521497,57.29527795524336,0.0159153549875676
2097152,8192,1.065898686647415e-06,0.1460044239647686,114.5905559014063,0.03183070997261287
2097152,16384,2.131331712007523e-06,0.2920088479295373,229.1811117755715,0.06366141993765874
2097152,32768,4.263129085302353e-06,0.5840176953934133,458.3622235669754,0.1273228398797154
2097152,65536,8.526258170604706e-06,1.168035391252488,916.7244471670128,0.2546456797686147
2097152,131072,1.705298200249672e-05,2.336070782504976,1833.448894344969,0.5092913595402691
2097152,262144,3.410549834370613e-05,4.67214156454429,3666.897788656177,1.01858271907116
2097152,524288,6.821099668741226e-05,9.344283129554242,7333.795577318408,2.037165438144002
2097152,1048576,0.0001364215277135372,18.68856625864282,14667.59115466196,4.074330876294989
2097152,2097152,0.0002728435210883617,37.37713251775131,29335.18230929691,8.148661752582475
2097152,4194304,0.0005456870421767235,74.75426503596827,58670.36461859732,16.29732350516592
2097152,8388608,0.001091374084353447,149.5085300710052,117340.7292371639,32.59464701032331
4194304,0.25,0,4.455447196960449e-06,0.003497041296213865,9.71400360059407e-07
4194304,0.5,0,8.910894393920898e-06,0.006994049996137619,1.942791665593783e-06
4194304,1,0,1.782272011041641e-05,0.013988072052598,3.885575570166111e-06
4194304,2,0,3.564544022083282e-05,0.02797620091587305,7.771166921075848e-06
4194304,4,0,7.129181176424026e-05,0.05595241067931056,1.554233629980849e-05
4194304,8,9.313225746154785e-10,0.0001425826922059059,0.111904863268137,3.108468424114916e-05
4194304,16,1.862645149230957e-09,0.0002851644530892372,0.2238096622750163,6.216935063194898e-05
4194304,32,4.656612873077393e-09,0.000570329837501049,0.4476193729788065,0.0001243387147163351
4194304,64,8.381903171539307e-09,0.001140659675002098,0.8952387114986777,0.0002486774198607438
4194304,128,1.676380634307861e-08,0.002281319350004196,1.790477451402694,0.0004973548476118595
4194304,256,3.352761268615723e-08,0.004562637768685818,3.580954877659678,0.0009947096882387996
4194304,512,6.612390279769897e-08,0.00912527646869421,7.161909739952534,0.001989419372209038
4194304,1024,1.331791281700134e-07,0.01825055293738842,14.32381948502734,0.003978838745840928
4194304,2048,2.663582563400269e-07,0.03650110587477684,28.64763897610828,0.007957677493363412
4194304,4096,5.336478352546692e-07,0.07300221174955368,57.29527796059847,0.01591535498905513
4194304,8192,1.065433025360107e-06,0.1460044244304299,114.5905559104867,0.0318307099751352
4194304,16384,2.13179737329483e-06,0.2920088479295373,229.1811118028127,0.06366141994522574
4194304,32768,4.262663424015045e-06,0.5840176958590746,458.362223551143,0.1273228398753175
4194304,65536,8.526258170604706e-06,1.168035390786827,916.7244471339509,0.2546456797594308
4194304,131072,1.705251634120941e-05,2.336070782504976,1833.448894334026,0.5092913595372294
4194304,262144,3.410596400499344e-05,4.672141565009952,3666.897788689937,1.018582719080538
4194304,524288,6.821099668741226e-05,9.344283129088581,7333.795577312354,2.037165438142321
4194304,1048576,0.0001364219933748245,18.68856625910848,14667.59115463682,4.074330876288005
4194304,2097152,0.0002728430554270744,37.37713251728565,29335.18230932392,8.148661752589978
4194304,4194304,0.0005456870421767235,74.75426503550261,58670.36461859383,16.29732350516495
4194304,8388608,0.001091374084353447,149.5085300719365,117340.7292371946,32.59464701033185
8388608,0.25,0,4.455447196960449e-06,0.003497007302939892,9.713909174833034e-07
8388608,0.5,0,8.910894393920898e-06,0.006994082592427731,1.942800720118814e-06
8388608,1,0,1.78217887878418e-05,0.01398809999227524,3.885583331187566e-06
8388608,2,0,3.564544022083282e-05,0.027976144105196,7.771151140332221e-06
8388608,4,0,7.129088044166565e-05,0.0559524018317461,1.55423338421517e-05
8388608,8,0,0.0001425836235284805,0.1119048213586211,3.108467259961698e-05
8388608,16,1.862645149230957e-09,0.0002851653844118118,0.223809726536274,6.216936848229832e-05
8388608,32,3.725290298461914e-09,0.0005703289061784744,0.4476193245500326,0.000124338701263898
8388608,64,9.313225746154785e-09,0.001140659675002098,0.895238745957613,0.0002486774294326703
8388608,128,1.676380634307861e-08,0.002281319350004196,1.790477422997355,0.0004973548397214876
8388608,256,3.352761268615723e-08,0.004562638700008392,3.580954902805388,0.000994709695223719
8388608,512,6.705522537231445e-08,0.009125275537371635,7.161909755319357,0.001989419376477599
8388608,1024,1.322478055953979e-07,0.01825055293738842,14.32381947990507,0.003978838744418075
8388608,2048,2.663582563400269e-07,0.03650110587477684,28.64763897005469,0.007957677491681856
8388608,4096,5.327165126800537e-07,0.07300221174955368,57.29527795221657,0.01591535498672682
8388608,8192,1.067295670509338e-06,0.1460044234991074,114.5905559211969,0.03183070997811026
8388608,16384,2.130866050720215e-06,0.2920088488608599,229.1811118209735,0.0636614199502704
8388608,32768,4.263594746589661e-06,0.5840176958590746,458.3622236056253,0.1273228398904515
8388608,65536,8.52532684803009e-06,1.168035391718149,916.7244471022859,0.254645679750635
8388608,131072,1.705251634120941e-05,2.336070781573653,1833.448894267902,0.5092913595188616
8388608,262144,3.410503268241882e-05,4.672141565009952,3666.897788668051,1.018582719074459
8388608,524288,6.821192800998688e-05,9.344283130019903,7333.795577379875,2.037165438161076
8388608,1048576,0.0001364219933748245,18.68856625817716,14667.59115462471,4.074330876284641
8388608,2097152,0.000272843986749649,37.37713251821697,29335.18230927363,8.148661752576009
8388608,4194304,0.0005456861108541489,74.75426503457129,58670.36461864784,16.29732350517996
8388608,8388608,0.001091374084353447,149.5085300710052,117340.7292371877,32.5946470103299
