offset			,radius			,minErrorPerVert,maxErrorPerVert,totalError		,averageError	
0.25,0.25,5.32914845585708e-09,0.0002555427290371615,0.7002508999491346,0.0001945141388747596
0.25,0.5,7.993726347521601e-09,0.0003833140935560198,1.050376349926912,0.0002917712083130311
0.25,1,1.332286614363909e-08,0.0006388568225891289,1.75062724988595,0.0004862853471905417
0.25,2,2.398116771828995e-08,0.001149942280665339,3.151129049780367,0.0008753136249389908
0.25,4,4.529777353212694e-08,0.002172113196803771,5.95213264951238,0.001653370180420105
0.25,8,8.793086259117899e-08,0.004216455029005139,11.55413984907059,0.003209483291408498
0.25,16,1.73197406638792e-07,0.008305138693753378,22.75815424846548,0.006321709513462634
0.25,32,3.437301714370733e-07,0.01648250602282531,45.16618304668366,0.01254616195741213
0.25,64,6.847955802413708e-07,0.03283724068067073,89.9822406421592,0.02499506684504422
0.25,128,1.366926767332188e-06,0.06554670999858558,179.6143558368042,0.0498928766213345
0.25,256,2.731188487814507e-06,0.1309656486296831,358.8785862240917,0.0996884961733588
0.25,512,5.459715907818463e-06,0.2618035258969371,717.4070469964004,0.1992797352767779
0.25,1024,1.0916765404545e-05,0.5234792804285462,1434.463968538944,0.3984622134830401
0.25,2048,2.183084552598302e-05,1.046830789473916,2868.577811578173,0.7968271698828258
0.25,4096,4.365905533632031e-05,2.09353380763514,5736.805497845367,1.593557082734824
0.25,8192,8.731547131901607e-05,4.186939843880282,11473.26087028006,3.187016908411127
0.25,16384,0.0001746282177919056,8.373751916376932,22946.17161473669,6.37393655964908
0.25,32768,0.000349253743479494,16.74737606134659,45891.99310390006,12.74777586219446
0.25,65536,0.0006985048239585012,33.49462435173336,91783.63608465165,25.49545446795879
0.25,131072,0.001397007465129718,66.98912093226681,183566.9220421532,50.99081167837588
0.25,262144,0.002794010622892529,133.9781140895211,367133.4939498567,101.9815260971824
0.25,524288,0.00558801949955523,267.9561004163697,734266.6378045201,203.9629549457
0.25,1048576,0.01117603504098952,535.912073047366,1468532.92543682,407.9258126213388
0.25,2097152,0.02235206589102745,1071.82401831192,2937065.500734181,815.8515279817168
0.25,4194304,0.0447041355073452,2143.64790890133,5874130.651493156,1631.702958748099
0.25,8388608,0.08940829709172249,4287.295690033585,11748260.95276743,3263.405820213175
0.5,0.25,7.993726347521601e-09,0.0003833140935560198,1.050376349926912,0.0002917712083130311
0.5,0.5,1.065829691171416e-08,0.0005110854580743229,1.400501799898269,0.0003890282777495192
0.5,1,1.59874526950432e-08,0.0007666281871120395,2.100752699853824,0.0005835424166260621
0.5,2,2.664573228727818e-08,0.001277713645178258,3.5012544997719,0.0009725706943810833
0.5,4,4.796233543657991e-08,0.002299884561330678,6.302258099560734,0.001750627249877982
0.5,8,9.059554706425388e-08,0.004344226393607542,11.90426529902476,0.003306740360840211
0.5,16,1.75861725182358e-07,0.008432910058010279,23.10827969814118,0.006418966582816995
0.5,32,3.46394813277584e-07,0.01661027738750676,45.51630849693097,0.01264341902692527
0.5,64,6.874603428741466e-07,0.03296501204565061,90.33236609336733,0.02509232391482426
0.5,128,1.369591160482742e-06,0.06567448136134146,179.9644812843184,0.04999013369008844
0.5,256,2.733853534664377e-06,0.1310934199971712,359.2287116736084,0.099785753242669
0.5,512,5.462376975629013e-06,0.2619312972593661,717.7571724481834,0.1993769923467176
0.5,1024,1.091943181563693e-05,0.5236070517938742,1434.814093992801,0.3985594705535558
0.5,2048,2.183353080909001e-05,1.046958560857092,2868.927937077889,0.7969244269660801
0.5,4096,4.366169105196605e-05,2.093661578947831,5737.155623156345,1.593654339765652
0.5,8192,8.731811067264061e-05,4.18706761527028,11473.61099569073,3.187114165469648
0.5,16384,0.0001746309426380321,8.373879687760564,22946.52174056011,6.374033816822254
0.5,32768,0.0003492564355838113,16.74750383275386,45892.34322947337,12.74787311929816
0.5,65536,0.000698507486958988,33.49475212269317,91783.98620780012,25.49555172438892
0.5,131072,0.001397009647917002,66.98924870346673,183567.2721693033,50.99090893591758
0.5,262144,0.002794014930259436,133.9782418645336,367133.8440843063,101.9816233567518
0.5,524288,0.005588021245785058,267.9562281790422,734266.9878997135,203.9630521943648
0.5,1048576,0.01117603899911046,535.9122008327395,1468533.27560904,407.9259098914001
0.5,2097152,0.02235207008197904,1071.824146094732,2937065.850873639,815.8516252426776
0.5,4194304,0.0447041317820549,2143.648036623839,5874131.001468361,1631.703055963434
0.5,8388608,0.0894082710146904,4287.29581780266,11748261.30298631,3263.405917496198
1,0.25,1.332286614363909e-08,0.0006388568225891289,1.75062724988595,0.0004862853471905417
1,0.5,1.59874526950432e-08,0.0007666281871120395,2.100752699853824,0.0005835424166260621
1,1,2.131659382342832e-08,0.001022170916148646,2.801003599796538,0.0007780565554990384
1,2,3.197490539008641e-08,0.001533256374224079,4.201505399707647,0.001167084833252124
1,4,5.329146457455636e-08,0.002555427290356516,7.002508999543799,0.001945141388762167
1,8,9.592467087315981e-08,0.004599769122661357,12.60451619912147,0.003501254499755963
1,16,1.811910941285078e-07,0.008688452787215084,23.80853059804952,0.006613480721680422
1,32,3.51723450364716e-07,0.01686582011602056,46.21655939628236,0.01283793316563399
1,64,6.927896265551681e-07,0.03322055477501351,91.03261699386194,0.02528683805385054
1,128,1.374920685748293e-06,0.06593002409130122,180.6647321867347,0.05018464782964852
1,256,2.739182320965483e-06,0.1313489627226829,359.9289625686368,0.09998026738017689
1,512,5.467707069328753e-06,0.2621868399943423,718.4574233472168,0.199571506485338
1,1024,1.092475395125803e-05,0.5238625945187323,1435.514344896367,0.3987539846934352
1,2048,2.183886363127385e-05,1.047214103587748,2869.628187985601,0.7971189411071116
1,4096,4.366706161818001e-05,2.093917121714185,5737.855874155777,1.59384885393216
1,8192,8.732338210393209e-05,4.187323157895662,11474.31124631269,3.187308679531303
1,16384,0.0001746362213452812,8.37413523054056,22947.22199138147,6.374228330939296
1,32768,0.0003492618852760643,16.74775937552113,45893.04348112023,12.74806763364451
1,65536,0.0006985128711676225,33.49500766550773,91784.68645894674,25.49574623859632
1,131072,0.001397014973917976,66.98950424538634,183567.9724156002,50.99110344877784
1,262144,0.002794019295834005,133.9784974069335,367134.5443386066,101.9818178718352
1,524288,0.005588029860518873,267.9564837290673,734267.6881686127,203.9632467135035
1,1048576,0.01117604249157012,535.9124563580845,1468533.975799427,407.9261043887297
1,2097152,0.02235207799822092,1071.824401665479,2937066.55121808,815.8518197828001
1,4194304,0.04470414016395807,2143.648292189464,5874131.701747279,1631.703250485355
1,8388608,0.0894082635641098,4287.296073247679,11748262.00293672,3263.406111926867
2,0.25,2.398116771828995e-08,0.001149942280665339,3.151129049780367,0.0008753136249389908
2,0.5,2.664573228727818e-08,0.001277713645178258,3.5012544997719,0.0009725706943810833
2,1,3.197490539008641e-08,0.001533256374224079,4.201505399707647,0.001167084833252124
2,2,4.263318764685664e-08,0.002044341832297292,5.602007199593077,0.001556113110998077
2,4,6.394981078017281e-08,0.003066512748448158,8.403010799415295,0.002334169666504249
2,8,1.065829291491127e-07,0.005110854580713031,14.0050179990876,0.003890282777524333
2,16,1.918493417463196e-07,0.009199538245322714,25.20903239824294,0.007002508999511927
2,32,3.623821882570155e-07,0.01737690557443017,47.61706119609904,0.01322696144336084
2,64,7.034469007294319e-07,0.03373164023204112,92.43311879256473,0.02567586633126798
2,128,1.385579253110336e-06,0.06644110955002702,182.0652339877239,0.05057367610770108
2,256,2.749841371496586e-06,0.1318600481826024,361.3294643734693,0.100369295659297
2,512,5.478364641930966e-06,0.2626979254453659,719.8579251372736,0.1999605347603538
2,1024,1.093541413865751e-05,0.5243736799886847,1436.914846694434,0.399143012970676
2,2048,2.184950790251605e-05,1.047725189037465,2871.028689792734,0.7975079693868704
2,4096,4.367772726254771e-05,2.094428207175497,5739.256375971203,1.594237882214223
2,8192,8.733412323636003e-05,4.18783424342837,11475.71174831155,3.18769770786432
2,16384,0.0001746467642078642,8.374646315791324,22948.62249262538,6.374617359062606
2,32768,0.0003492724426905625,16.74827046108112,45894.44398276293,12.74845666187859
2,65536,0.0006985237705521286,33.49551875104225,91786.08696224046,25.49613526728902
2,131072,0.001397025742335245,66.99001533101546,183569.3729178935,50.99149247719264
2,262144,0.002794029947835952,133.9790084907727,367135.9448312005,101.9822068975557
2,524288,0.00558803859166801,267.9569948138669,734269.0886772132,203.9636357436703
2,1048576,0.01117605972103775,535.9129674581345,1468535.376337225,407.926493427007
2,2097152,0.02235208498314023,1071.824912716169,2937067.951598854,815.8522087774594
2,4194304,0.04470415599644184,2143.648803330958,5874133.102436161,1631.7036395656
2,8388608,0.08940828032791615,4287.296584378928,11748263.40349456,3263.406500970711
4,0.25,4.529777353212694e-08,0.002172113196803771,5.95213264951238,0.001653370180420105
4,0.5,4.796233543657991e-08,0.002299884561330678,6.302258099560734,0.001750627249877982
4,1,5.329146457455636e-08,0.002555427290356516,7.002508999543799,0.001945141388762167
4,2,6.394981078017281e-08,0.003066512748448158,8.403010799415295,0.002334169666504249
4,4,8.526637529371328e-08,0.004088683664594583,11.20401439918615,0.003112226221996154
4,8,1.278996215603456e-07,0.006133025496896316,16.80602159883059,0.004668339333008497
4,16,2.131658582982254e-07,0.01022170916142606,28.0100359981752,0.007780565555048666
4,32,3.836986834926392e-07,0.01839907649064543,50.41806479648587,0.01400501799902385
4,64,7.24764376514031e-07,0.03475381114886034,95.23412239219807,0.02645392288672169
4,128,1.406893801458864e-06,0.06746328046408223,184.8662375851295,0.05135173266253596
4,256,2.771158506220672e-06,0.132882219100054,364.1304679754477,0.1011473522154022
4,512,5.499682742993173e-06,0.2637200963652049,722.6589287469386,0.2007385913185941
4,1024,1.095672928386193e-05,0.5253958508907317,1439.715850274547,0.3999210695207076
4,2048,2.187082827731501e-05,1.048747359977369,2873.829693388867,0.798286025941352
4,4096,4.36990158050321e-05,2.095450378074929,5742.057379585467,1.595015938773741
4,8192,8.735545452509541e-05,4.188856414350994,11478.51275194241,3.188475764428446
4,16384,0.0001746682464727201,8.375668486856739,22951.42349662311,6.375395415728641
4,32768,0.0003492935284157284,16.74929263158265,45897.24498525076,12.74923471812521
4,65536,0.0006985448853811249,33.49654092216224,91788.88796552586,25.49691332375718
4,131072,0.001397047541104257,66.99103750208451,183572.1739244809,50.99227053457803
4,262144,0.00279405148467049,133.9800306620309,367138.745835787,101.9829849543853
4,524288,0.005588059895671904,267.9580169815454,734271.8896624009,203.9644137951114
4,1048576,0.01117607718333602,535.9139896277338,1468538.177354426,407.9272714873406
4,2097152,0.02235211944207549,1071.825934916269,2937070.752674451,815.852986854014
4,4194304,0.04470416996628046,2143.649825432338,5874135.903197708,1631.704417554919
4,8388608,0.08940831199288368,4287.297606661916,11748266.20487232,3263.407279131201
8,0.25,8.793086259117899e-08,0.004216455029005139,11.55413984907059,0.003209483291408498
8,0.5,9.059554706425388e-08,0.004344226393607542,11.90426529902476,0.003306740360840211
8,1,9.592467087315981e-08,0.004599769122661357,12.60451619912147,0.003501254499755963
8,2,1.065829291491127e-07,0.005110854580713031,14.0050179990876,0.003890282777524333
8,4,1.278996215603456e-07,0.006133025496896316,16.80602159883059,0.004668339333008497
8,8,1.705327505874266e-07,0.008177367329189167,22.40802879837231,0.006224452443992307
8,16,2.557992431206912e-07,0.01226605099379263,33.61204319766118,0.009336678666016994
8,32,4.263317165964509e-07,0.02044341832285212,56.0200719963504,0.01556113111009733
8,64,7.673973669852785e-07,0.03679815298129085,100.8361295929717,0.02801003599804771
8,128,1.449528753028062e-06,0.06950762229772067,190.4682447843961,0.05290784577344337
8,256,2.813787602917728e-06,0.1349265609281645,369.7324751702589,0.1027034653250719
8,512,5.542317012441345e-06,0.2657644382001081,728.2609359508955,0.2022947044308043
8,1024,1.099936548598635e-05,0.5274401927304098,1445.317857493877,0.4014771826371881
8,2048,2.191345856772386e-05,1.050791701781463,2879.431700549094,0.7998421390414151
8,4096,4.374165655463003e-05,2.097494719954739,5747.659386777735,1.596572051882704
8,8192,8.739803161006421e-05,4.190900756149858,11484.11475917093,3.190031877547482
8,16384,0.0001747109090501908,8.377712828701988,22957.02550388481,6.376951528856893
8,32768,0.0003493364929454401,16.75133697371348,45902.84699324622,12.75079083145728
8,65536,0.0006985870568314567,33.4985852631653,91794.48997050153,25.49846943625042
8,131072,0.00139708977076225,66.99308184432448,183577.7759310517,50.99382664751437
8,262144,0.002794095082208514,133.982075004169,367144.3478489618,101.9845410691561
8,524288,0.00558810296934098,267.9600613240618,734277.491671574,203.9659699087705
8,1048576,0.01117611979134381,535.9160339630907,1468543.779324802,407.9288275902227
8,2097152,0.02235215436667204,1071.827979255468,2937076.354708853,815.8545429746813
8,4194304,0.04470423888415098,2143.651869832538,5874141.505348901,1631.705973708028
8,8388608,0.08940833993256092,4287.299650864676,11748271.80639542,3263.408835109838
16,0.25,1.73197406638792e-07,0.008305138693753378,22.75815424846548,0.006321709513462634
16,0.5,1.75861725182358e-07,0.008432910058010279,23.10827969814118,0.006418966582816995
16,1,1.811910941285078e-07,0.008688452787215084,23.80853059804952,0.006613480721680422
16,2,1.918493417463196e-07,0.009199538245322714,25.20903239824294,0.007002508999511927
16,4,2.131658582982254e-07,0.01022170916142606,28.0100359981752,0.007780565555048666
16,8,2.557992431206912e-07,0.01226605099379263,33.61204319766118,0.009336678666016994
16,16,3.410655011748531e-07,0.01635473465837833,44.81605759674461,0.01244890488798461
16,32,5.115984862413825e-07,0.02453210198758526,67.22408639532236,0.01867335733203399
16,64,8.526634331929017e-07,0.04088683664570425,112.0401439927008,0.03112226222019467
16,128,1.534794733970557e-06,0.07359630596258171,201.6722591859435,0.05602007199609541
16,256,2.899057506056124e-06,0.1390152445954413,380.9364895687923,0.1058156915468867
16,512,5.627575205835456e-06,0.2698531218563289,739.4649503405178,0.2054069306501438
16,1024,1.108463402488269e-05,0.5315288764002162,1456.521871901791,0.4045894088616086
16,2048,2.199873097197269e-05,1.05488038546082,2890.635714987754,0.8029543652743762
16,4096,4.382691713544773e-05,2.101583403562927,5758.863401098189,1.59968427808283
16,8192,8.748331310926005e-05,4.194989439909477,11495.31877355547,3.193144103765408
16,16384,0.0001747960632201284,8.381801512299717,22968.22951834187,6.380063755094963
16,32768,0.0003494218181003816,16.75542565740398,45914.05100776962,12.75390305771379
16,65536,0.0006986729858908802,33.50267394742696,91805.69398649244,25.50158166291456
16,131072,0.001397174113662913,66.99717052633059,183588.9799410031,50.99693887250085
16,262144,0.0027941795415245,133.986163688649,367155.5518621035,101.9876532950287
16,524288,0.005588190164417028,267.964150008338,734288.6956979237,203.9690821383121
16,1048576,0.01117620593868196,535.9201226481237,1468554.983343148,407.9319398175411
16,2097152,0.02235223958268762,1071.832067926181,2937087.558649604,815.8576551804455
16,4194304,0.04470430873334408,2143.655958510935,5874152.709417705,1631.709085949363
16,8388608,0.08940847776830196,4287.303739665076,11748283.0106978,3263.411947416056
32,0.25,3.437301714370733e-07,0.01648250602282531,45.16618304668366,0.01254616195741213
32,0.5,3.46394813277584e-07,0.01661027738750676,45.51630849693097,0.01264341902692527
32,1,3.51723450364716e-07,0.01686582011602056,46.21655939628236,0.01283793316563399
32,2,3.623821882570155e-07,0.01737690557443017,47.61706119609904,0.01322696144336084
32,4,3.836986834926392e-07,0.01839907649064543,50.41806479648587,0.01400501799902385
32,8,4.263317165964509e-07,0.02044341832285212,56.0200719963504,0.01556113111009733
32,16,5.115984862413825e-07,0.02453210198758526,67.22408639532236,0.01867335733203399
32,32,6.821310023497063e-07,0.03270946931675667,89.63211519348923,0.02489780977596923
32,64,1.023196972482765e-06,0.04906420397517053,134.4481727906447,0.03734671466406798
32,128,1.705326866385803e-06,0.0817736732914085,224.0802879854016,0.06224452444038933
32,256,3.069589467941114e-06,0.1471926119251634,403.344518371887,0.1120401439921908
32,512,5.798115012112248e-06,0.2780304891908827,761.8729791375846,0.2116313830937735
32,1024,1.125515041167091e-05,0.5397062437126579,1478.929900681036,0.4108138613002877
32,2048,2.216926804976538e-05,1.063057752800432,2913.043743803582,0.8091788177232172
32,4096,4.399746194394538e-05,2.109760770921639,5781.271429975509,1.605908730548752
32,8192,8.765383427089546e-05,4.203166807125854,11517.72680219638,3.19936855616566
32,16384,0.0001749666262185201,8.389978879818955,22990.63754711094,6.386288207530816
32,32768,0.0003495921264402568,16.76360302459943,45936.45903668374,12.76012751018993
32,65536,0.0006988436362007633,33.51085131480795,91828.10201553925,25.50780611542757
32,131072,0.00139734597178176,67.00534789485391,183611.3879729849,51.00316332582913
32,262144,0.002794348227325827,133.9943410526612,367177.9598820061,101.9938777450017
32,524288,0.005588359083048999,267.9723273772979,734311.1037242069,203.9753065900575
32,1048576,0.01117638032883406,535.9283000166761,1468577.391395847,407.9381642766243
32,2097152,0.02235241187736392,1071.840245296247,2937109.966686296,815.8638796350822
32,4194304,0.04470447916537523,2143.664135852363,5874175.117299207,1631.715310360891
32,8388608,0.08940861746668816,4287.311917021871,11748305.41883541,3263.418171898725
64,0.25,6.847955802413708e-07,0.03283724068067073,89.9822406421592,0.02499506684504422
64,0.5,6.874603428741466e-07,0.03296501204565061,90.33236609336733,0.02509232391482426
64,1,6.927896265551681e-07,0.03322055477501351,91.03261699386194,0.02528683805385054
64,2,7.034469007294319e-07,0.03373164023204112,92.43311879256473,0.02567586633126798
64,4,7.24764376514031e-07,0.03475381114886034,95.23412239219807,0.02645392288672169
64,8,7.673973669852785e-07,0.03679815298129085,100.8361295929717,0.02801003599804771
64,16,8.526634331929017e-07,0.04088683664570425,112.0401439927008,0.03112226222019467
64,32,1.023196972482765e-06,0.04906420397517053,134.4481727906447,0.03734671466406798
64,64,1.364262004699413e-06,0.06541893863351333,179.2642303869785,0.04979561955193846
64,128,2.04639394496553e-06,0.09812840795034106,268.8963455812894,0.07469342932813595
64,256,3.410653732771607e-06,0.163547346582817,448.1605759708032,0.1244890488807787
64,512,6.139178935882228e-06,0.2943852238503268,806.689036743774,0.2240802879843816
64,1024,1.15962300242245e-05,0.5560609783817654,1523.745958275169,0.423262766187547
64,2048,2.251030082334182e-05,1.079412487425316,2957.859801362071,0.8216277226005754
64,4096,4.433853609953076e-05,2.126115505600865,5826.087487607164,1.618357635446434
64,8192,8.799492388789076e-05,4.219521541843278,11562.54285995102,3.211817461097505
64,16384,0.0001753076685417909,8.406333614251707,23035.45360439275,6.398737112331321
64,32768,0.0003499332524370402,16.77995775963791,45981.27509422188,12.77257641506163
64,65536,0.0006991842528805137,33.52720604919887,91872.91807336747,25.52025502037985
64,131072,0.001397687272401527,67.0217026296159,183656.2040310785,51.01561223085514
64,262144,0.002794691943563521,134.0106957897078,367222.7759459697,102.0063266516583
64,524288,0.005588696454651654,267.9886821053224,734355.9197640122,203.9877554900034
64,1048576,0.011176718166098,535.9446547545958,1468622.207448414,407.9506131801149
64,2097152,0.02235276065766811,1071.856600033352,2937154.782791695,815.8763285532485
64,4194304,0.04470482375472784,2143.680490592495,5874219.933372592,1631.727759270164
64,8388608,0.08940895833075047,4287.328271704726,11748350.23459841,3263.430620721782
128,0.25,1.366926767332188e-06,0.06554670999858558,179.6143558368042,0.0498928766213345
128,0.5,1.369591160482742e-06,0.06567448136134146,179.9644812843184,0.04999013369008844
128,1,1.374920685748293e-06,0.06593002409130122,180.6647321867347,0.05018464782964852
128,2,1.385579253110336e-06,0.06644110955002702,182.0652339877239,0.05057367610770108
128,4,1.406893801458864e-06,0.06746328046408223,184.8662375851295,0.05135173266253596
128,8,1.449528753028062e-06,0.06950762229772067,190.4682447843961,0.05290784577344337
128,16,1.534794733970557e-06,0.07359630596258171,201.6722591859435,0.05602007199609541
128,32,1.705326866385803e-06,0.0817736732914085,224.0802879854016,0.06224452444038933
128,64,2.04639394496553e-06,0.09812840795034106,268.8963455812894,0.07469342932813595
128,128,2.728524009398825e-06,0.1308378772670267,358.5284607739569,0.09959123910387692
128,256,4.09278788993106e-06,0.1962568159006821,537.7926911625789,0.1493868586562719
128,512,6.821307465543214e-06,0.327094693165634,896.3211519416063,0.2489780977615573
128,1024,1.227835787176446e-05,0.5887704477006537,1613.378073487548,0.4481605759687633
128,2048,2.319246004844899e-05,1.112121956763531,3047.491916550338,0.846525532375094
128,4096,4.502060164668364e-05,2.158824974850631,5915.719602724143,1.643255445201151
128,8192,8.867707219906151e-05,4.252231011201729,11652.17497521433,3.236715270892869
128,16384,0.0001759898477757815,8.439043083686556,23125.08571990204,6.42363492219501
128,32768,0.0003506153370835818,16.81266722850341,46070.90720878551,12.79747422466264
128,65536,0.0006998665048740804,33.55991551927582,91962.55018844375,25.54515283012326
128,131072,0.001398368505761027,67.05441209839773,183745.8361467349,51.04051004075971
128,262144,0.002795374544803053,134.0434052592318,367312.408062157,102.0312244617103
128,524288,0.005589383887127042,268.0213915794156,734445.5518919395,204.0126533033165
128,1048576,0.01117739290930331,535.9773642106447,1468711.839528024,407.9755109800068
128,2097152,0.022353436332196,1071.889309509192,2937244.414896828,815.9012263602299
128,4194304,0.04470552131533623,2143.713200066704,5874309.565583389,1631.752657106497
128,8388608,0.08940964750945568,4287.360981184989,11748439.86674518,3263.455518540329
256,0.25,2.731188487814507e-06,0.1309656486296831,358.8785862240917,0.0996884961733588
256,0.5,2.733853534664377e-06,0.1310934199971712,359.2287116736084,0.099785753242669
256,1,2.739182320965483e-06,0.1313489627226829,359.9289625686368,0.09998026738017689
256,2,2.749841371496586e-06,0.1318600481826024,361.3294643734693,0.100369295659297
256,4,2.771158506220672e-06,0.132882219100054,364.1304679754477,0.1011473522154022
256,8,2.813787602917728e-06,0.1349265609281645,369.7324751702589,0.1027034653250719
256,16,2.899057506056124e-06,0.1390152445954413,380.9364895687923,0.1058156915468867
256,32,3.069589467941114e-06,0.1471926119251634,403.344518371887,0.1120401439921908
256,64,3.410653732771607e-06,0.163547346582817,448.1605759708032,0.1244890488807787
256,128,4.09278788993106e-06,0.1962568159006821,537.7926911625789,0.1493868586562719
256,256,5.45704801879765e-06,0.2616757545340533,717.0569215479138,0.1991824782077538
256,512,8.18557577986212e-06,0.3925136318013642,1075.585382325158,0.2987737173125438
256,1024,1.364261493108643e-05,0.654189386331268,1792.642303883213,0.4979561955231147
256,2048,2.455671574352891e-05,1.177540895401307,3226.756146975096,0.8963211519375266
256,4096,4.638492009689799e-05,2.224243913527062,6094.983833100677,1.693051064750188
256,8192,9.004120329336729e-05,4.317649949701263,11831.43920544829,3.286510890402301
256,16384,0.000177354144398123,8.504462022403459,23304.34995042866,6.473430541785738
256,32768,0.0003519796955515631,16.87808616737311,46250.17143980407,12.84726984439002
256,65536,0.0007012306741671637,33.62533445700683,92141.81441757102,25.59494844932528
256,131072,0.001399733009748161,67.11983103855164,183925.1003768875,51.09030566024653
256,262144,0.002796737011522055,134.1088241967955,367491.6722934699,102.0810200815194
256,524288,0.005590749089606106,268.0868105184636,734624.816124314,204.0624489234206
256,1048576,0.01117876777425408,536.0427831588313,1468891.103783879,408.025306606633
256,2097152,0.02235478581860662,1071.954728421289,2937423.679056049,815.9510219600136
256,4194304,0.04470687266439199,2143.778619018383,5874488.829793655,1631.80245272046
256,8388608,0.08941104263067245,4287.426400133409,11748619.13116678,3263.505314212994
512,0.25,5.459715907818463e-06,0.2618035258969371,717.4070469964004,0.1992797352767779
512,0.5,5.462376975629013e-06,0.2619312972593661,717.7571724481834,0.1993769923467176
512,1,5.467707069328753e-06,0.2621868399943423,718.4574233472168,0.199571506485338
512,2,5.478364641930966e-06,0.2626979254453659,719.8579251372736,0.1999605347603538
512,4,5.499682742993173e-06,0.2637200963652049,722.6589287469386,0.2007385913185941
512,8,5.542317012441345e-06,0.2657644382001081,728.2609359508955,0.2022947044308043
512,16,5.627575205835456e-06,0.2698531218563289,739.4649503405178,0.2054069306501438
512,32,5.798115012112248e-06,0.2780304891908827,761.8729791375846,0.2116313830937735
512,64,6.139178935882228e-06,0.2943852238503268,806.689036743774,0.2240802879843816
512,128,6.821307465543214e-06,0.327094693165634,896.3211519416063,0.2489780977615573
512,256,8.18557577986212e-06,0.3925136318013642,1075.585382325158,0.2987737173125438
512,512,1.09140960375953e-05,0.5233515090681067,1434.113843095828,0.3983649564155077
512,1024,1.637115155972424e-05,0.7850272636027285,2151.170764650316,0.5975474346250876
512,2048,2.728522986217286e-05,1.308378772662536,3585.284607766425,0.9959123910462293
512,4096,4.911343148705782e-05,2.355081790802615,6453.512293950192,1.792642303875053
512,8192,9.276984019379597e-05,4.448487827054123,12189.96766620135,3.386102129500376
512,16384,0.0001800824065867346,8.635299899402526,23662.87841089657,6.573021780804603
512,32768,0.0003547082887962461,17.00892404480692,46608.69990085731,12.94686108357148
512,65536,0.0007039593911031261,33.75617233474622,92500.34287960814,25.69453968878004
512,131072,0.001402461348334327,67.25066891401366,184283.628835142,51.18989689865057
512,262144,0.002799466019496322,134.2396620771033,367850.200753775,102.1806113204931
512,524288,0.005593474023044109,268.2176483935909,734983.3445869398,204.1620401630388
512,1048576,0.01118149817921221,536.1736210369272,1469249.632248628,408.1248978468411
512,2097152,0.02235753554850817,1072.085566317663,2937782.207567758,816.050613213266
512,4194304,0.04470957163721323,2143.909456842579,5874847.358112098,1631.902043920027
512,8388608,0.08941374532878399,4287.557238036767,11748977.65958731,3263.60490544092
1024,0.25,1.0916765404545e-05,0.5234792804285462,1434.463968538944,0.3984622134830401
1024,0.5,1.091943181563693e-05,0.5236070517938742,1434.814093992801,0.3985594705535558
1024,1,1.092475395125803e-05,0.5238625945187323,1435.514344896367,0.3987539846934352
1024,2,1.093541413865751e-05,0.5243736799886847,1436.914846694434,0.399143012970676
1024,4,1.095672928386193e-05,0.5253958508907317,1439.715850274547,0.3999210695207076
1024,8,1.099936548598635e-05,0.5274401927304098,1445.317857493877,0.4014771826371881
1024,16,1.108463402488269e-05,0.5315288764002162,1456.521871901791,0.4045894088616086
1024,32,1.125515041167091e-05,0.5397062437126579,1478.929900681036,0.4108138613002877
1024,64,1.15962300242245e-05,0.5560609783817654,1523.745958275169,0.423262766187547
1024,128,1.227835787176446e-05,0.5887704477006537,1613.378073487548,0.4481605759687633
1024,256,1.364261493108643e-05,0.654189386331268,1792.642303883213,0.4979561955231147
1024,512,1.637115155972424e-05,0.7850272636027285,2151.170764650316,0.5975474346250876
1024,1024,2.18281920751906e-05,1.046703018136213,2868.227686191655,0.7967299128310154
1024,2048,3.274230311944848e-05,1.570054527205457,4302.341529300631,1.195094869250175
1024,4096,5.457045972434571e-05,2.616757545325072,7170.569215532851,1.991824782092459
1024,8192,9.822686297411565e-05,4.710163581605229,12907.02458790038,3.585284607750106
1024,16384,0.0001855396803875919,8.896975654108246,24379.93533240271,6.772204259000752
1024,32768,0.0003601648131734692,17.27059979880505,47325.75682179314,13.14604356160921
1024,65536,0.0007094165775924921,34.01784808961384,93217.39980171462,25.89372216714295
1024,131072,0.001407918782206252,67.51234466949245,185000.6857592163,51.38907937756008
1024,262144,0.002804922696668655,134.5013378280273,368567.2576702841,102.3797937973011
1024,524288,0.005598932038992643,268.4793241542066,735700.40150755,204.3612226409861
1024,1048576,0.01118694804608822,536.4352967871819,1469966.68917388,408.3240803260776
1024,2097152,0.02236299635842443,1072.347242073854,2938499.264497256,816.2497956936822
1024,4194304,0.04471507109701633,2144.171132635325,5875564.415135516,1632.101226426532
1024,8388608,0.08941914327442646,4287.818913685158,11749694.7162242,3263.804087840054
2048,0.25,2.183084552598302e-05,1.046830789473916,2868.577811578173,0.7968271698828258
2048,0.5,2.183353080909001e-05,1.046958560857092,2868.927937077889,0.7969244269660801
2048,1,2.183886363127385e-05,1.047214103587748,2869.628187985601,0.7971189411071116
2048,2,2.184950790251605e-05,1.047725189037465,2871.028689792734,0.7975079693868704
2048,4,2.187082827731501e-05,1.048747359977369,2873.829693388867,0.798286025941352
2048,8,2.191345856772386e-05,1.050791701781463,2879.431700549094,0.7998421390414151
2048,16,2.199873097197269e-05,1.05488038546082,2890.635714987754,0.8029543652743762
2048,32,2.216926804976538e-05,1.063057752800432,2913.043743803582,0.8091788177232172
2048,64,2.251030082334182e-05,1.079412487425316,2957.859801362071,0.8216277226005754
2048,128,2.319246004844899e-05,1.112121956763531,3047.491916550338,0.846525532375094
2048,256,2.455671574352891e-05,1.177540895401307,3226.756146975096,0.8963211519375266
2048,512,2.728522986217286e-05,1.308378772662536,3585.284607766425,0.9959123910462293
2048,1024,3.274230311944848e-05,1.570054527205457,4302.341529300631,1.195094869250175
2048,2048,4.36563841503812e-05,2.093406036272427,5736.455372383311,1.593459825662031
2048,4096,6.548460623889696e-05,3.140109054410914,8604.683058601262,2.390189738500351
2048,8192,0.0001091409194486914,5.233515090650144,14341.1384310657,3.983649564184917
2048,16384,0.0001964537259482313,9.420327163210459,25814.04917580077,7.170569215500213
2048,32768,0.0003710793607751839,17.79395130821649,48759.87066480541,13.5444085180015
2048,65536,0.0007203296263469383,34.5411995976101,94651.51364358628,26.29208712321841
2048,131072,0.001418833155184984,68.03569617922767,186434.7996034292,51.7874443342859
2048,262144,0.002815837564412504,135.0246893389849,370001.3715184326,102.7781587551202
2048,524288,0.005609845393337309,269.0026756560546,737134.5153405681,204.7595875946023
2048,1048576,0.01119786407798529,536.9586483084131,1471400.8030151,408.7224452819722
2048,2097152,0.02237389609217644,1072.870593574364,2939933.378347759,816.6481606521553
2048,4194304,0.04472599271684885,2144.694484147709,5876998.528994512,1632.499591387364
2048,8388608,0.08943014219403267,4288.34226527065,11751128.83027103,3264.202452853064
4096,0.25,4.365905533632031e-05,2.09353380763514,5736.805497845367,1.593557082734824
4096,0.5,4.366169105196605e-05,2.093661578947831,5737.155623156345,1.593654339765652
4096,1,4.366706161818001e-05,2.093917121714185,5737.855874155777,1.59384885393216
4096,2,4.367772726254771e-05,2.094428207175497,5739.256375971203,1.594237882214223
4096,4,4.36990158050321e-05,2.095450378074929,5742.057379585467,1.595015938773741
4096,8,4.374165655463003e-05,2.097494719954739,5747.659386777735,1.596572051882704
4096,16,4.382691713544773e-05,2.101583403562927,5758.863401098189,1.59968427808283
4096,32,4.399746194394538e-05,2.109760770921639,5781.271429975509,1.605908730548752
4096,64,4.433853609953076e-05,2.126115505600865,5826.087487607164,1.618357635446434
4096,128,4.502060164668364e-05,2.158824974850631,5915.719602724143,1.643255445201151
4096,256,4.638492009689799e-05,2.224243913527062,6094.983833100677,1.693051064750188
4096,512,4.911343148705782e-05,2.355081790802615,6453.512293950192,1.792642303875053
4096,1024,5.457045972434571e-05,2.616757545325072,7170.569215532851,1.991824782092459
4096,2048,6.548460623889696e-05,3.140109054410914,8604.683058601262,2.390189738500351
4096,4096,8.73127683007624e-05,4.186812072544853,11472.91074476662,3.186919651324061
4096,8192,0.0001309692124777939,6.280218108821828,17209.36611720252,4.780379477000701
4096,16384,0.0002182818388973828,10.46703018130029,28682.2768621314,7.967299128369834
4096,32768,0.0003929074518964626,18.84065432642092,51628.09835160153,14.34113843100043
4096,65536,0.0007421587215503678,35.58790261643298,97519.74132961083,27.08881703600301
4096,131072,0.001440659252693877,69.08239919522021,189303.0272871726,52.58417424643682
4096,262144,0.002837666310369968,136.0713923584553,372869.5992068585,103.5748886685718
4096,524288,0.005631675128825009,270.0493786779698,740002.7430368651,205.5563175102403
4096,1048576,0.01121969078667462,538.0053513121093,1474269.030681136,409.5191751892045
4096,2097152,0.02239572815597057,1073.917296616826,2942801.6060302,817.4448905639445
4096,4194304,0.04474779218435287,2145.741187148727,5879866.756695518,1633.296321304311
4096,8388608,0.0894519854336977,4289.388968295418,11753997.05798902,3264.999182774729
8192,0.25,8.731547131901607e-05,4.186939843880282,11473.26087028006,3.187016908411127
8192,0.5,8.731811067264061e-05,4.18706761527028,11473.61099569073,3.187114165469648
8192,1,8.732338210393209e-05,4.187323157895662,11474.31124631269,3.187308679531303
8192,2,8.733412323636003e-05,4.18783424342837,11475.71174831155,3.18769770786432
8192,4,8.735545452509541e-05,4.188856414350994,11478.51275194241,3.188475764428446
8192,8,8.739803161006421e-05,4.190900756149858,11484.11475917093,3.190031877547482
8192,16,8.748331310926005e-05,4.194989439909477,11495.31877355547,3.193144103765408
8192,32,8.765383427089546e-05,4.203166807125854,11517.72680219638,3.19936855616566
8192,64,8.799492388789076e-05,4.219521541843278,11562.54285995102,3.211817461097505
8192,128,8.867707219906151e-05,4.252231011201729,11652.17497521433,3.236715270892869
8192,256,9.004120329336729e-05,4.317649949701263,11831.43920544829,3.286510890402301
8192,512,9.276984019379597e-05,4.448487827054123,12189.96766620135,3.386102129500376
8192,1024,9.822686297411565e-05,4.710163581605229,12907.02458790038,3.585284607750106
8192,2048,0.0001091409194486914,5.233515090650144,14341.1384310657,3.983649564184917
8192,4096,0.0001309692124777939,6.280218108821828,17209.36611720252,4.780379477000701
8192,8192,0.0001746255366015248,8.373624145089707,22945.82148953324,6.373839302648123
8192,16384,0.0002619384249555878,12.56043621764366,34418.73223440505,9.560758954001402
8192,32768,0.0004365636777947657,20.93406036260058,57364.55372426281,15.93459825673967
8192,65536,0.0007858149037929252,37.68130865284184,103256.1967032031,28.68227686200085
8192,131072,0.001484317443100736,71.17580523286597,195039.4826592217,54.17763407200601
8192,262144,0.002881318505387753,138.1647983904404,378606.0545743451,105.1683484928736
8192,524288,0.005675332620739937,272.1427847169107,745739.198413717,207.1497773371436
8192,1048576,0.01126335025765002,540.0987573559396,1480005.48607373,411.1126350204806
8192,2097152,0.02243938157334924,1076.010702624219,2948538.061362273,819.0383503784091
8192,4194304,0.04479145631194115,2147.834593233652,5885603.2120604,1634.889781127889
8192,8388608,0.08949558436870575,4291.482374297455,11759733.51339104,3266.592642608621
16384,0.25,0.0001746282177919056,8.373751916376932,22946.17161473669,6.37393655964908
16384,0.5,0.0001746309426380321,8.373879687760564,22946.52174056011,6.374033816822254
16384,1,0.0001746362213452812,8.37413523054056,22947.22199138147,6.374228330939296
16384,2,0.0001746467642078642,8.374646315791324,22948.62249262538,6.374617359062606
16384,4,0.0001746682464727201,8.375668486856739,22951.42349662311,6.375395415728641
16384,8,0.0001747109090501908,8.377712828701988,22957.02550388481,6.376951528856893
16384,16,0.0001747960632201284,8.381801512299717,22968.22951834187,6.380063755094963
16384,32,0.0001749666262185201,8.389978879818955,22990.63754711094,6.386288207530816
16384,64,0.0001753076685417909,8.406333614251707,23035.45360439275,6.398737112331321
16384,128,0.0001759898477757815,8.439043083686556,23125.08571990204,6.42363492219501
16384,256,0.000177354144398123,8.504462022403459,23304.34995042866,6.473430541785738
16384,512,0.0001800824065867346,8.635299899402526,23662.87841089657,6.573021780804603
16384,1024,0.0001855396803875919,8.896975654108246,24379.93533240271,6.772204259000752
16384,2048,0.0001964537259482313,9.420327163210459,25814.04917580077,7.170569215500213
16384,4096,0.0002182818388973828,10.46703018130029,28682.2768621314,7.967299128369834
16384,8192,0.0002619384249555878,12.56043621764366,34418.73223440505,9.560758954001402
16384,16384,0.0003492510732030496,16.74724829017941,45891.64297906648,12.74767860529625
16384,32768,0.0005238768499111757,25.12087243528731,68837.4644688101,19.1215179080028
16384,65536,0.0008731273555895314,41.86812072520115,114729.1074485256,31.86919651347934
16384,131072,0.00157162980758585,75.36261730568367,206512.3934064061,57.3645537240017
16384,262144,0.002968634886201471,142.3516104657319,390078.9653184433,108.355268144012
16384,524288,0.005762637010775506,276.3295967808808,757212.1091486902,210.3366969857473
16384,1048576,0.01135066524147987,544.2855694338214,1491478.396827434,414.2995546742872
16384,2097152,0.02252670051530004,1080.197514711879,2960010.972147461,822.2252700409613
16384,4194304,0.04487876314669847,2152.021405248437,5897076.122724545,1638.076700756818
16384,8388608,0.08958291262388229,4295.669186467305,11771206.4241208,3269.779562255778
32768,0.25,0.000349253743479494,16.74737606134659,45891.99310390006,12.74777586219446
32768,0.5,0.0003492564355838113,16.74750383275386,45892.34322947337,12.74787311929816
32768,1,0.0003492618852760643,16.74775937552113,45893.04348112023,12.74806763364451
32768,2,0.0003492724426905625,16.74827046108112,45894.44398276293,12.74845666187859
32768,4,0.0003492935284157284,16.74929263158265,45897.24498525076,12.74923471812521
32768,8,0.0003493364929454401,16.75133697371348,45902.84699324622,12.75079083145728
32768,16,0.0003494218181003816,16.75542565740398,45914.05100776962,12.75390305771379
32768,32,0.0003495921264402568,16.76360302459943,45936.45903668374,12.76012751018993
32768,64,0.0003499332524370402,16.77995775963791,45981.27509422188,12.77257641506163
32768,128,0.0003506153370835818,16.81266722850341,46070.90720878551,12.79747422466264
32768,256,0.0003519796955515631,16.87808616737311,46250.17143980407,12.84726984439002
32768,512,0.0003547082887962461,17.00892404480692,46608.69990085731,12.94686108357148
32768,1024,0.0003601648131734692,17.27059979880505,47325.75682179314,13.14604356160921
32768,2048,0.0003710793607751839,17.79395130821649,48759.87066480541,13.5444085180015
32768,4096,0.0003929074518964626,18.84065432642092,51628.09835160153,14.34113843100043
32768,8192,0.0004365636777947657,20.93406036260058,57364.55372426281,15.93459825673967
32768,16384,0.0005238768499111757,25.12087243528731,68837.4644688101,19.1215179080028
32768,32768,0.0006985021464060992,33.49449658035883,91783.28595813297,25.49535721059249
32768,65536,0.001047753699822351,50.24174487057462,137674.9289376202,38.24303581600561
32768,131072,0.001746254711179063,83.7362414504023,229458.2148970512,63.73839302695868
32768,262144,0.003143259615171701,150.7252346113673,413024.7868128123,114.7291074480034
32768,524288,0.005937269772402942,284.7032209314639,780157.9306368866,216.7105362880241
32768,1048576,0.01152527402155101,552.6591935617616,1514424.21829738,420.6733939714946
32768,2097152,0.02270133048295975,1088.571138867643,2982956.793654868,828.5991093485744
32768,4194304,0.04505340103060007,2160.395029423758,5920021.944294921,1644.450540081923
32768,8388608,0.08975752629339695,4304.042810496874,11794152.24544909,3276.153401513636
65536,0.25,0.0006985048239585012,33.49462435173336,91783.63608465165,25.49545446795879
65536,0.5,0.000698507486958988,33.49475212269317,91783.98620780012,25.49555172438892
65536,1,0.0006985128711676225,33.49500766550773,91784.68645894674,25.49574623859632
65536,2,0.0006985237705521286,33.49551875104225,91786.08696224046,25.49613526728902
65536,4,0.0006985448853811249,33.49654092216224,91788.88796552586,25.49691332375718
65536,8,0.0006985870568314567,33.4985852631653,91794.48997050153,25.49846943625042
65536,16,0.0006986729858908802,33.50267394742696,91805.69398649244,25.50158166291456
65536,32,0.0006988436362007633,33.51085131480795,91828.10201553925,25.50780611542757
65536,64,0.0006991842528805137,33.52720604919887,91872.91807336747,25.52025502037985
65536,128,0.0006998665048740804,33.55991551927582,91962.55018844375,25.54515283012326
65536,256,0.0007012306741671637,33.62533445700683,92141.81441757102,25.59494844932528
65536,512,0.0007039593911031261,33.75617233474622,92500.34287960814,25.69453968878004
65536,1024,0.0007094165775924921,34.01784808961384,93217.39980171462,25.89372216714295
65536,2048,0.0007203296263469383,34.5411995976101,94651.51364358628,26.29208712321841
65536,4096,0.0007421587215503678,35.58790261643298,97519.74132961083,27.08881703600301
65536,8192,0.0007858149037929252,37.68130865284184,103256.1967032031,28.68227686200085
65536,16384,0.0008731273555895314,41.86812072520115,114729.1074485256,31.86919651347934
65536,32768,0.001047753699822351,50.24174487057462,137674.9289376202,38.24303581600561
65536,65536,0.001397004292812198,66.98899316071765,183566.5719162659,50.99071442118498
65536,131072,0.002095507399644703,100.4834897411492,275349.8578752404,76.48607163201122
65536,262144,0.003492509422358125,167.4724829008046,458916.4297941024,127.4767860539174
65536,524288,0.006286519230343401,301.4504692227347,826049.5736256245,229.4582148960068
65536,1048576,0.01187453954480588,569.4064418629277,1560315.861273773,433.4210725760481
65536,2097152,0.02305054804310203,1105.318387123523,3028848.436594761,841.3467879429892
65536,4194304,0.04540266096591949,2177.142277735285,5965913.587309736,1657.198218697149
65536,8388608,0.09010680206120014,4320.790058847517,11840043.88858984,3288.901080163845
131072,0.25,0.001397007465129718,66.98912093226681,183566.9220421532,50.99081167837588
131072,0.5,0.001397009647917002,66.98924870346673,183567.2721693033,50.99090893591758
131072,1,0.001397014973917976,66.98950424538634,183567.9724156002,50.99110344877784
131072,2,0.001397025742335245,66.99001533101546,183569.3729178935,50.99149247719264
131072,4,0.001397047541104257,66.99103750208451,183572.1739244809,50.99227053457803
131072,8,0.00139708977076225,66.99308184432448,183577.7759310517,50.99382664751437
131072,16,0.001397174113662913,66.99717052633059,183588.9799410031,50.99693887250085
131072,32,0.00139734597178176,67.00534789485391,183611.3879729849,51.00316332582913
131072,64,0.001397687272401527,67.0217026296159,183656.2040310785,51.01561223085514
131072,128,0.001398368505761027,67.05441209839773,183745.8361467349,51.04051004075971
131072,256,0.001399733009748161,67.11983103855164,183925.1003768875,51.09030566024653
131072,512,0.001402461348334327,67.25066891401366,184283.628835142,51.18989689865057
131072,1024,0.001407918782206252,67.51234466949245,185000.6857592163,51.38907937756008
131072,2048,0.001418833155184984,68.03569617922767,186434.7996034292,51.7874443342859
131072,4096,0.001440659252693877,69.08239919522021,189303.0272871726,52.58417424643682
131072,8192,0.001484317443100736,71.17580523286597,195039.4826592217,54.17763407200601
131072,16384,0.00157162980758585,75.36261730568367,206512.3934064061,57.3645537240017
131072,32768,0.001746254711179063,83.7362414504023,229458.2148970512,63.73839302695868
131072,65536,0.002095507399644703,100.4834897411492,275349.8578752404,76.48607163201122
131072,131072,0.002794008585624397,133.9779863214353,367133.1438325319,101.98142884237
131072,262144,0.004191014799289405,200.9669794822985,550699.7157504808,152.9721432640224
131072,524288,0.006985018844716251,334.9449658016092,917832.8595882049,254.9535721078347
131072,1048576,0.0125730384606868,602.9009384454694,1652099.147251249,458.9164297920136
131072,2097152,0.02374907908961177,1138.812883725855,3120631.722547546,866.8421451520962
131072,4194304,0.04610109608620405,2210.636774247047,6057696.873189522,1682.693575885978
131072,8388608,0.09080532193183899,4354.284555470571,11931827.17461947,3314.396437394298
262144,0.25,0.002794010622892529,133.9781140895211,367133.4939498567,101.9815260971824
262144,0.5,0.002794014930259436,133.9782418645336,367133.8440843063,101.9816233567518
262144,1,0.002794019295834005,133.9784974069335,367134.5443386066,101.9818178718352
262144,2,0.002794029947835952,133.9790084907727,367135.9448312005,101.9822068975557
262144,4,0.00279405148467049,133.9800306620309,367138.745835787,101.9829849543853
262144,8,0.002794095082208514,133.982075004169,367144.3478489618,101.9845410691561
262144,16,0.0027941795415245,133.986163688649,367155.5518621035,101.9876532950287
262144,32,0.002794348227325827,133.9943410526612,367177.9598820061,101.9938777450017
262144,64,0.002794691943563521,134.0106957897078,367222.7759459697,102.0063266516583
262144,128,0.002795374544803053,134.0434052592318,367312.408062157,102.0312244617103
262144,256,0.002796737011522055,134.1088241967955,367491.6722934699,102.0810200815194
262144,512,0.002799466019496322,134.2396620771033,367850.200753775,102.1806113204931
262144,1024,0.002804922696668655,134.5013378280273,368567.2576702841,102.3797937973011
262144,2048,0.002815837564412504,135.0246893389849,370001.3715184326,102.7781587551202
262144,4096,0.002837666310369968,136.0713923584553,372869.5992068585,103.5748886685718
262144,8192,0.002881318505387753,138.1647983904404,378606.0545743451,105.1683484928736
262144,16384,0.002968634886201471,142.3516104657319,390078.9653184433,108.355268144012
262144,32768,0.003143259615171701,150.7252346113673,413024.7868128123,114.7291074480034
262144,65536,0.003492509422358125,167.4724829008046,458916.4297941024,127.4767860539174
262144,131072,0.004191014799289405,200.9669794822985,550699.7157504808,152.9721432640224
262144,262144,0.005588017171248794,267.9559726428706,734266.2876650637,203.9628576847399
262144,524288,0.008382029598578811,401.933958964597,1101399.431500962,305.9442865280449
262144,1048576,0.0139700376894325,669.8899316032184,1835665.71917641,509.9071442156694
262144,2097152,0.02514607692137361,1205.801876890939,3304198.294502498,917.8328595840272
262144,4194304,0.04749815817922354,2277.625767451711,6241263.445095093,1733.684290304192
262144,8388608,0.0922021921724081,4421.273548494093,12115393.74637904,3365.387151771957
524288,0.25,0.00558801949955523,267.9561004163697,734266.6378045201,203.9629549457
524288,0.5,0.005588021245785058,267.9562281790422,734266.9878997135,203.9630521943648
524288,1,0.005588029860518873,267.9564837290673,734267.6881686127,203.9632467135035
524288,2,0.00558803859166801,267.9569948138669,734269.0886772132,203.9636357436703
524288,4,0.005588059895671904,267.9580169815454,734271.8896624009,203.9644137951114
524288,8,0.00558810296934098,267.9600613240618,734277.491671574,203.9659699087705
524288,16,0.005588190164417028,267.964150008338,734288.6956979237,203.9690821383121
524288,32,0.005588359083048999,267.9723273772979,734311.1037242069,203.9753065900575
524288,64,0.005588696454651654,267.9886821053224,734355.9197640122,203.9877554900034
524288,128,0.005589383887127042,268.0213915794156,734445.5518919395,204.0126533033165
524288,256,0.005590749089606106,268.0868105184636,734624.816124314,204.0624489234206
524288,512,0.005593474023044109,268.2176483935909,734983.3445869398,204.1620401630388
524288,1024,0.005598932038992643,268.4793241542066,735700.40150755,204.3612226409861
524288,2048,0.005609845393337309,269.0026756560546,737134.5153405681,204.7595875946023
524288,4096,0.005631675128825009,270.0493786779698,740002.7430368651,205.5563175102403
524288,8192,0.005675332620739937,272.1427847169107,745739.198413717,207.1497773371436
524288,16384,0.005762637010775506,276.3295967808808,757212.1091486902,210.3366969857473
524288,32768,0.005937269772402942,284.7032209314639,780157.9306368866,216.7105362880241
524288,65536,0.006286519230343401,301.4504692227347,826049.5736256245,229.4582148960068
524288,131072,0.006985018844716251,334.9449658016092,917832.8595882049,254.9535721078347
524288,262144,0.008382029598578811,401.933958964597,1101399.431500962,305.9442865280449
524288,524288,0.01117603434249759,535.9119452857412,1468532.575330127,407.9257153694799
524288,1048576,0.01676405919715762,803.8679179291939,2202798.863001923,611.8885730560897
524288,2097152,0.027940075378865,1339.779863206437,3671331.43835282,1019.814288431339
524288,4194304,0.05029215384274721,2411.603753781877,6608396.589004996,1835.665719168054
524288,8388608,0.09499631635844707,4555.251534903422,12482526.89019019,3467.368580608385
1048576,0.25,0.01117603504098952,535.912073047366,1468532.92543682,407.9258126213388
1048576,0.5,0.01117603899911046,535.9122008327395,1468533.27560904,407.9259098914001
1048576,1,0.01117604249157012,535.9124563580845,1468533.975799427,407.9261043887297
1048576,2,0.01117605972103775,535.9129674581345,1468535.376337225,407.926493427007
1048576,4,0.01117607718333602,535.9139896277338,1468538.177354426,407.9272714873406
1048576,8,0.01117611979134381,535.9160339630907,1468543.779324802,407.9288275902227
1048576,16,0.01117620593868196,535.9201226481237,1468554.983343148,407.9319398175411
1048576,32,0.01117638032883406,535.9283000166761,1468577.391395847,407.9381642766243
1048576,64,0.011176718166098,535.9446547545958,1468622.207448414,407.9506131801149
1048576,128,0.01117739290930331,535.9773642106447,1468711.839528024,407.9755109800068
1048576,256,0.01117876777425408,536.0427831588313,1468891.103783879,408.025306606633
1048576,512,0.01118149817921221,536.1736210369272,1469249.632248628,408.1248978468411
1048576,1024,0.01118694804608822,536.4352967871819,1469966.68917388,408.3240803260776
1048576,2048,0.01119786407798529,536.9586483084131,1471400.8030151,408.7224452819722
1048576,4096,0.01121969078667462,538.0053513121093,1474269.030681136,409.5191751892045
1048576,8192,0.01126335025765002,540.0987573559396,1480005.48607373,411.1126350204806
1048576,16384,0.01135066524147987,544.2855694338214,1491478.396827434,414.2995546742872
1048576,32768,0.01152527402155101,552.6591935617616,1514424.21829738,420.6733939714946
1048576,65536,0.01187453954480588,569.4064418629277,1560315.861273773,433.4210725760481
1048576,131072,0.0125730384606868,602.9009384454694,1652099.147251249,458.9164297920136
1048576,262144,0.0139700376894325,669.8899316032184,1835665.71917641,509.9071442156694
1048576,524288,0.01676405919715762,803.8679179291939,2202798.863001923,611.8885730560897
1048576,1048576,0.02235206868499517,1071.823890571482,2937065.150660255,815.8514307389597
1048576,2097152,0.03352811839431524,1607.735835858388,4405597.726003846,1223.777146112179
1048576,4194304,0.05588015075773001,2679.559726412874,7342662.876705639,2039.628576862678
1048576,8388608,0.1005843076854944,4823.207507563755,13216793.17800999,3671.331438336109
2097152,0.25,0.02235206589102745,1071.82401831192,2937065.500734181,815.8515279817168
2097152,0.5,0.02235207008197904,1071.824146094732,2937065.850873639,815.8516252426776
2097152,1,0.02235207799822092,1071.824401665479,2937066.55121808,815.8518197828001
2097152,2,0.02235208498314023,1071.824912716169,2937067.951598854,815.8522087774594
2097152,4,0.02235211944207549,1071.825934916269,2937070.752674451,815.852986854014
2097152,8,0.02235215436667204,1071.827979255468,2937076.354708853,815.8545429746813
2097152,16,0.02235223958268762,1071.832067926181,2937087.558649604,815.8576551804455
2097152,32,0.02235241187736392,1071.840245296247,2937109.966686296,815.8638796350822
2097152,64,0.02235276065766811,1071.856600033352,2937154.782791695,815.8763285532485
2097152,128,0.022353436332196,1071.889309509192,2937244.414896828,815.9012263602299
2097152,256,0.02235478581860662,1071.954728421289,2937423.679056049,815.9510219600136
2097152,512,0.02235753554850817,1072.085566317663,2937782.207567758,816.050613213266
2097152,1024,0.02236299635842443,1072.347242073854,2938499.264497256,816.2497956936822
2097152,2048,0.02237389609217644,1072.870593574364,2939933.378347759,816.6481606521553
2097152,4096,0.02239572815597057,1073.917296616826,2942801.6060302,817.4448905639445
2097152,8192,0.02243938157334924,1076.010702624219,2948538.061362273,819.0383503784091
2097152,16384,0.02252670051530004,1080.197514711879,2960010.972147461,822.2252700409613
2097152,32768,0.02270133048295975,1088.571138867643,2982956.793654868,828.5991093485744
2097152,65536,0.02305054804310203,1105.318387123523,3028848.436594761,841.3467879429892
2097152,131072,0.02374907908961177,1138.812883725855,3120631.722547546,866.8421451520962
2097152,262144,0.02514607692137361,1205.801876890939,3304198.294502498,917.8328595840272
2097152,524288,0.027940075378865,1339.779863206437,3671331.43835282,1019.814288431339
2097152,1048576,0.03352811839431524,1607.735835858388,4405597.726003846,1223.777146112179
2097152,2097152,0.04470413736999035,2143.647781142965,5874130.30132051,1631.702861477919
2097152,4194304,0.06705623678863049,3215.471671716776,8811195.452007692,2447.554292224359
2097152,8388608,0.11176030151546,5359.119452825747,14685325.75341128,4079.257153725355
4194304,0.25,0.0447041355073452,2143.64790890133,5874130.651493156,1631.702958748099
4194304,0.5,0.0447041317820549,2143.648036623839,5874131.001468361,1631.703055963434
4194304,1,0.04470414016395807,2143.648292189464,5874131.701747279,1631.703250485355
4194304,2,0.04470415599644184,2143.648803330958,5874133.102436161,1631.7036395656
4194304,4,0.04470416996628046,2143.649825432338,5874135.903197708,1631.704417554919
4194304,8,0.04470423888415098,2143.651869832538,5874141.505348901,1631.705973708028
4194304,16,0.04470430873334408,2143.655958510935,5874152.709417705,1631.709085949363
4194304,32,0.04470447916537523,2143.664135852363,5874175.117299207,1631.715310360891
4194304,64,0.04470482375472784,2143.680490592495,5874219.933372592,1631.727759270164
4194304,128,0.04470552131533623,2143.713200066704,5874309.565583389,1631.752657106497
4194304,256,0.04470687266439199,2143.778619018383,5874488.829793655,1631.80245272046
4194304,512,0.04470957163721323,2143.909456842579,5874847.358112098,1631.902043920027
4194304,1024,0.04471507109701633,2144.171132635325,5875564.415135516,1632.101226426532
4194304,2048,0.04472599271684885,2144.694484147709,5876998.528994512,1632.499591387364
4194304,4096,0.04474779218435287,2145.741187148727,5879866.756695518,1633.296321304311
4194304,8192,0.04479145631194115,2147.834593233652,5885603.2120604,1634.889781127889
4194304,16384,0.04487876314669847,2152.021405248437,5897076.122724545,1638.076700756818
4194304,32768,0.04505340103060007,2160.395029423758,5920021.944294921,1644.450540081923
4194304,65536,0.04540266096591949,2177.142277735285,5965913.587309736,1657.198218697149
4194304,131072,0.04610109608620405,2210.636774247047,6057696.873189522,1682.693575885978
4194304,262144,0.04749815817922354,2277.625767451711,6241263.445095093,1733.684290304192
4194304,524288,0.05029215384274721,2411.603753781877,6608396.589004996,1835.665719168054
4194304,1048576,0.05588015075773001,2679.559726412874,7342662.876705639,2039.628576862678
4194304,2097152,0.06705623678863049,3215.471671716776,8811195.452007692,2447.554292224359
4194304,4194304,0.0894082747399807,4287.29556228593,11748260.60264102,3263.405722955839
4194304,8388608,0.134112473577261,6430.943343433551,17622390.90401538,4895.108584448718
8388608,0.25,0.08940829709172249,4287.295690033585,11748260.95276743,3263.405820213175
8388608,0.5,0.0894082710146904,4287.29581780266,11748261.30298631,3263.405917496198
8388608,1,0.0894082635641098,4287.296073247679,11748262.00293672,3263.406111926867
8388608,2,0.08940828032791615,4287.296584378928,11748263.40349456,3263.406500970711
8388608,4,0.08940831199288368,4287.297606661916,11748266.20487232,3263.407279131201
8388608,8,0.08940833993256092,4287.299650864676,11748271.80639542,3263.408835109838
8388608,16,0.08940847776830196,4287.303739665076,11748283.0106978,3263.411947416056
8388608,32,0.08940861746668816,4287.311917021871,11748305.41883541,3263.418171898725
8388608,64,0.08940895833075047,4287.328271704726,11748350.23459841,3263.430620721782
8388608,128,0.08940964750945568,4287.360981184989,11748439.86674518,3263.455518540329
8388608,256,0.08941104263067245,4287.426400133409,11748619.13116678,3263.505314212994
8388608,512,0.08941374532878399,4287.557238036767,11748977.65958731,3263.60490544092
8388608,1024,0.08941914327442646,4287.818913685158,11749694.7162242,3263.804087840054
8388608,2048,0.08943014219403267,4288.34226527065,11751128.83027103,3264.202452853064
8388608,4096,0.0894519854336977,4289.388968295418,11753997.05798902,3264.999182774729
8388608,8192,0.08949558436870575,4291.482374297455,11759733.51339104,3266.592642608621
8388608,16384,0.08958291262388229,4295.669186467305,11771206.4241208,3269.779562255778
8388608,32768,0.08975752629339695,4304.042810496874,11794152.24544909,3276.153401513636
8388608,65536,0.09010680206120014,4320.790058847517,11840043.88858984,3288.901080163845
8388608,131072,0.09080532193183899,4354.284555470571,11931827.17461947,3314.396437394298
8388608,262144,0.0922021921724081,4421.273548494093,12115393.74637904,3365.387151771957
8388608,524288,0.09499631635844707,4555.251534903422,12482526.89019019,3467.368580608385
8388608,1048576,0.1005843076854944,4823.207507563755,13216793.17800999,3671.331438336109
8388608,2097152,0.11176030151546,5359.119452825747,14685325.75341128,4079.257153725355
8388608,4194304,0.134112473577261,6430.943343433551,17622390.90401538,4895.108584448718
8388608,8388608,0.1788165494799614,8574.59112457186,23496521.20528204,6526.811445911678
