offset			,radius			,minErrorPerVert,maxErrorPerVert,totalError		,averageError	
0.25,0.25,1.117079578838442e-08,0.000337362601917135,0.3183070995201348,8.841863875559298e-05
0.25,0.5,2.234159157676885e-08,0.0006747252038342144,0.6366141990402669,0.0001768372775111853
0.25,1,4.46831831535377e-08,0.00134945040766854,1.27322839808053,0.0003536745550223695
0.25,2,8.93663663070754e-08,0.002698900815337024,2.546456796161067,0.0007073491100447409
0.25,4,1.787327326141508e-07,0.005397801630674104,5.092913592322145,0.001414698220089485
0.25,8,3.574654652283016e-07,0.0107956032613481,10.18582718464428,0.002829396440178967
0.25,16,7.149309304566032e-07,0.02159120652269619,20.37165436928857,0.005658792880357935
0.25,32,1.429861860913206e-06,0.04318241304539244,40.74330873857696,0.01131758576071582
0.25,64,2.859723721826413e-06,0.08636482609078489,81.4866174771539,0.02263517152143164
0.25,128,5.719447443652825e-06,0.1727296521815698,162.9732349543078,0.04527034304286328
0.25,256,1.143889488730565e-05,0.3454593043631395,325.9464699086161,0.09054068608572668
0.25,512,2.28777897746113e-05,0.6909186087262791,651.8929398172314,0.1810813721714532
0.25,1024,4.57555795492226e-05,1.381837217452558,1303.785879634464,0.3621627443429066
0.25,2048,9.151115909844521e-05,2.763674434905116,2607.571759268928,0.7243254886858131
0.25,4096,0.0001830223181968904,5.527348869810233,5215.143518537853,1.448650977371626
0.25,8192,0.0003660446363937808,11.05469773962047,10430.28703707571,2.897301954743252
0.25,16384,0.0007320892727875616,22.10939547924093,20860.57407415142,5.794603909486505
0.25,32768,0.001464178545575123,44.21879095848186,41721.14814830284,11.58920781897301
0.25,65536,0.002928357091150247,88.43758191696372,83442.29629660568,23.17841563794602
0.25,131072,0.005856714182300493,176.8751638339274,166884.5925932114,46.35683127589204
0.25,262144,0.01171342836460099,353.7503276678549,333769.1851864227,92.71366255178408
0.25,524288,0.02342685672920197,707.5006553357098,667538.3703728454,185.4273251035682
0.25,1048576,0.04685371345840394,1415.00131067142,1335076.740745691,370.8546502071363
0.25,2097152,0.09370742691680789,2830.002621342839,2670153.481491382,741.7093004142727
0.25,4194304,0.1874148538336158,5660.005242685678,5340306.962982764,1483.418600828545
0.25,8388608,0.3748297076672316,11320.01048537136,10680613.92596553,2966.837201657091
0.5,0.25,1.117079578838442e-08,0.0003373626019171905,0.318307099520136,8.841863875559335e-05
0.5,0.5,2.234159157676885e-08,0.0006747252038342699,0.6366141990402695,0.000176837277511186
0.5,1,4.46831831535377e-08,0.001349450407668429,1.273228398080534,0.0003536745550223705
0.5,2,8.93663663070754e-08,0.00269890081533708,2.54645679616106,0.000707349110044739
0.5,4,1.787327326141508e-07,0.005397801630674048,5.092913592322135,0.001414698220089482
0.5,8,3.574654652283016e-07,0.01079560326134821,10.18582718464429,0.00282939644017897
0.5,16,7.149309304566032e-07,0.02159120652269619,20.37165436928856,0.005658792880357933
0.5,32,1.429861860913206e-06,0.04318241304539239,40.74330873857713,0.01131758576071587
0.5,64,2.859723721826413e-06,0.08636482609078489,81.48661747715393,0.02263517152143165
0.5,128,5.719447443652825e-06,0.1727296521815698,162.9732349543078,0.04527034304286328
0.5,256,1.143889488730565e-05,0.3454593043631395,325.9464699086156,0.09054068608572656
0.5,512,2.28777897746113e-05,0.6909186087262791,651.8929398172321,0.1810813721714534
0.5,1024,4.57555795492226e-05,1.381837217452558,1303.785879634463,0.3621627443429064
0.5,2048,9.151115909844521e-05,2.763674434905116,2607.571759268928,0.7243254886858131
0.5,4096,0.0001830223181968904,5.527348869810233,5215.143518537855,1.448650977371626
0.5,8192,0.0003660446363937808,11.05469773962047,10430.28703707571,2.897301954743252
0.5,16384,0.0007320892727875616,22.10939547924093,20860.57407415141,5.794603909486503
0.5,32768,0.001464178545575123,44.21879095848186,41721.14814830284,11.58920781897301
0.5,65536,0.002928357091150247,88.43758191696372,83442.29629660568,23.17841563794602
0.5,131072,0.005856714182300493,176.8751638339274,166884.5925932114,46.35683127589204
0.5,262144,0.01171342836460099,353.7503276678549,333769.1851864227,92.71366255178408
0.5,524288,0.02342685672920197,707.5006553357098,667538.3703728454,185.4273251035682
0.5,1048576,0.04685371345840394,1415.00131067142,1335076.740745691,370.8546502071363
0.5,2097152,0.09370742691680789,2830.002621342839,2670153.481491382,741.7093004142727
0.5,4194304,0.1874148538336158,5660.005242685678,5340306.962982764,1483.418600828545
0.5,8388608,0.3748297076672316,11320.01048537136,10680613.92596553,2966.837201657091
1,0.25,1.117079584389558e-08,0.0003373626019171905,0.3183070995201299,8.841863875559164e-05
1,0.5,2.234159157676885e-08,0.0006747252038343809,0.6366141990402721,0.0001768372775111867
1,1,4.46831831535377e-08,0.00134945040766854,1.273228398080539,0.0003536745550223719
1,2,8.93663663070754e-08,0.002698900815336858,2.546456796161068,0.000707349110044741
1,4,1.787327326141508e-07,0.005397801630674159,5.09291359232212,0.001414698220089478
1,8,3.574654652283016e-07,0.0107956032613481,10.18582718464427,0.002829396440178964
1,16,7.149309304566032e-07,0.02159120652269642,20.37165436928858,0.005658792880357939
1,32,1.429861860913206e-06,0.04318241304539239,40.74330873857712,0.01131758576071587
1,64,2.859723721826413e-06,0.08636482609078477,81.48661747715427,0.02263517152143174
1,128,5.719447443652825e-06,0.1727296521815698,162.9732349543079,0.04527034304286329
1,256,1.143889488730565e-05,0.3454593043631395,325.9464699086156,0.09054068608572656
1,512,2.28777897746113e-05,0.6909186087262791,651.8929398172312,0.1810813721714531
1,1024,4.57555795492226e-05,1.381837217452558,1303.785879634464,0.3621627443429067
1,2048,9.151115909844521e-05,2.763674434905116,2607.571759268926,0.7243254886858127
1,4096,0.0001830223181968904,5.527348869810233,5215.143518537855,1.448650977371626
1,8192,0.0003660446363937808,11.05469773962047,10430.28703707571,2.897301954743253
1,16384,0.0007320892727875616,22.10939547924093,20860.57407415141,5.794603909486503
1,32768,0.001464178545575123,44.21879095848186,41721.14814830283,11.58920781897301
1,65536,0.002928357091150247,88.43758191696372,83442.29629660568,23.17841563794602
1,131072,0.005856714182300493,176.8751638339274,166884.5925932114,46.35683127589204
1,262144,0.01171342836460099,353.7503276678549,333769.1851864227,92.71366255178408
1,524288,0.02342685672920197,707.5006553357098,667538.3703728454,185.4273251035682
1,1048576,0.04685371345840394,1415.00131067142,1335076.740745691,370.8546502071363
1,2097152,0.09370742691680789,2830.002621342839,2670153.481491382,741.7093004142727
1,4194304,0.1874148538336158,5660.005242685678,5340306.962982764,1483.418600828545
1,8388608,0.3748297076672316,11320.01048537136,10680613.92596553,2966.837201657091
2,0.25,1.117079584389558e-08,0.0003373626019169684,0.3183070995201021,8.84186387555839e-05
2,0.5,2.234159168779115e-08,0.0006747252038343809,0.6366141990402598,0.0001768372775111833
2,1,4.46831831535377e-08,0.001349450407668762,1.273228398080544,0.0003536745550223734
2,2,8.93663663070754e-08,0.00269890081533708,2.546456796161078,0.0007073491100447438
2,4,1.787327326141508e-07,0.005397801630673715,5.092913592322136,0.001414698220089482
2,8,3.574654652283016e-07,0.01079560326134832,10.18582718464424,0.002829396440178956
2,16,7.149309304566032e-07,0.02159120652269619,20.37165436928854,0.005658792880357927
2,32,1.429861860913206e-06,0.04318241304539283,40.74330873857716,0.01131758576071588
2,64,2.859723721826413e-06,0.08636482609078477,81.48661747715424,0.02263517152143173
2,128,5.719447443652825e-06,0.1727296521815695,162.9732349543085,0.04527034304286348
2,256,1.143889488730565e-05,0.3454593043631395,325.9464699086157,0.09054068608572659
2,512,2.28777897746113e-05,0.6909186087262791,651.8929398172312,0.1810813721714531
2,1024,4.57555795492226e-05,1.381837217452558,1303.785879634462,0.3621627443429062
2,2048,9.151115909844521e-05,2.763674434905116,2607.571759268928,0.7243254886858135
2,4096,0.0001830223181968904,5.527348869810233,5215.143518537851,1.448650977371625
2,8192,0.0003660446363937808,11.05469773962047,10430.28703707571,2.897301954743253
2,16384,0.0007320892727875616,22.10939547924093,20860.57407415142,5.794603909486505
2,32768,0.001464178545575123,44.21879095848186,41721.14814830283,11.58920781897301
2,65536,0.002928357091150247,88.43758191696372,83442.29629660565,23.17841563794601
2,131072,0.005856714182300493,176.8751638339274,166884.5925932114,46.35683127589204
2,262144,0.01171342836460099,353.7503276678549,333769.1851864227,92.71366255178408
2,524288,0.02342685672920197,707.5006553357098,667538.3703728454,185.4273251035682
2,1048576,0.04685371345840394,1415.00131067142,1335076.740745691,370.8546502071363
2,2097152,0.09370742691680789,2830.002621342839,2670153.481491382,741.7093004142727
2,4194304,0.1874148538336158,5660.005242685678,5340306.962982764,1483.418600828545
2,8388608,0.3748297076672316,11320.01048537136,10680613.92596553,2966.837201657091
4,0.25,1.117079584389558e-08,0.0003373626019174125,0.3183070995201267,8.841863875559074e-05
4,0.5,2.234159168779115e-08,0.0006747252038339369,0.6366141990402041,0.0001768372775111678
4,1,4.46831833755823e-08,0.001349450407668762,1.27322839808052,0.0003536745550223666
4,2,8.93663663070754e-08,0.002698900815337524,2.546456796161088,0.0007073491100447468
4,4,1.787327326141508e-07,0.005397801630674159,5.092913592322156,0.001414698220089488
4,8,3.574654652283016e-07,0.01079560326134743,10.18582718464427,0.002829396440178964
4,16,7.149309304566032e-07,0.02159120652269664,20.37165436928848,0.005658792880357912
4,32,1.429861860913206e-06,0.04318241304539239,40.74330873857708,0.01131758576071585
4,64,2.859723721826413e-06,0.08636482609078566,81.48661747715433,0.02263517152143176
4,128,5.719447443652825e-06,0.1727296521815695,162.9732349543085,0.04527034304286347
4,256,1.143889488730565e-05,0.3454593043631391,325.9464699086171,0.09054068608572696
4,512,2.28777897746113e-05,0.6909186087262791,651.8929398172314,0.1810813721714532
4,1024,4.57555795492226e-05,1.381837217452558,1303.785879634462,0.3621627443429062
4,2048,9.151115909844521e-05,2.763674434905116,2607.571759268925,0.7243254886858125
4,4096,0.0001830223181968904,5.527348869810233,5215.143518537857,1.448650977371627
4,8192,0.0003660446363937808,11.05469773962047,10430.2870370757,2.897301954743251
4,16384,0.0007320892727875616,22.10939547924093,20860.57407415142,5.794603909486505
4,32768,0.001464178545575123,44.21879095848186,41721.14814830284,11.58920781897301
4,65536,0.002928357091150247,88.43758191696372,83442.29629660565,23.17841563794601
4,131072,0.005856714182300493,176.8751638339274,166884.5925932113,46.35683127589203
4,262144,0.01171342836460099,353.7503276678549,333769.1851864227,92.71366255178408
4,524288,0.02342685672920197,707.5006553357098,667538.3703728454,185.4273251035682
4,1048576,0.04685371345840394,1415.00131067142,1335076.740745691,370.8546502071363
4,2097152,0.09370742691680789,2830.002621342839,2670153.481491382,741.7093004142727
4,4194304,0.1874148538336158,5660.005242685678,5340306.962982764,1483.418600828545
4,8388608,0.3748297076672316,11320.01048537136,10680613.92596553,2966.837201657091
8,0.25,1.117079495571716e-08,0.0003373626019165243,0.3183070995201307,8.841863875559186e-05
8,0.5,2.234159168779115e-08,0.000674725203834825,0.6366141990402534,0.0001768372775111815
8,1,4.46831833755823e-08,0.001349450407667874,1.273228398080408,0.0003536745550223356
8,2,8.936636675116461e-08,0.002698900815337524,2.546456796161039,0.0007073491100447331
8,4,1.787327326141508e-07,0.005397801630675048,5.092913592322176,0.001414698220089494
8,8,3.574654652283016e-07,0.01079560326134832,10.18582718464431,0.002829396440178975
8,16,7.149309304566032e-07,0.02159120652269486,20.37165436928854,0.005658792880357928
8,32,1.429861860913206e-06,0.04318241304539328,40.74330873857696,0.01131758576071582
8,64,2.859723721826413e-06,0.08636482609078477,81.48661747715416,0.02263517152143171
8,128,5.719447443652825e-06,0.1727296521815713,162.9732349543087,0.04527034304286352
8,256,1.143889488730565e-05,0.3454593043631391,325.946469908617,0.09054068608572693
8,512,2.28777897746113e-05,0.6909186087262782,651.8929398172342,0.1810813721714539
8,1024,4.57555795492226e-05,1.381837217452558,1303.785879634463,0.3621627443429064
8,2048,9.151115909844521e-05,2.763674434905116,2607.571759268925,0.7243254886858125
8,4096,0.0001830223181968904,5.527348869810233,5215.14351853785,1.448650977371625
8,8192,0.0003660446363937808,11.05469773962047,10430.28703707571,2.897301954743254
8,16384,0.0007320892727875616,22.10939547924093,20860.57407415141,5.794603909486502
8,32768,0.001464178545575123,44.21879095848186,41721.14814830284,11.58920781897301
8,65536,0.002928357091150247,88.43758191696372,83442.29629660568,23.17841563794602
8,131072,0.005856714182300493,176.8751638339274,166884.5925932113,46.35683127589203
8,262144,0.01171342836460099,353.7503276678549,333769.1851864226,92.71366255178405
8,524288,0.02342685672920197,707.5006553357098,667538.3703728454,185.4273251035682
8,1048576,0.04685371345840394,1415.00131067142,1335076.740745691,370.8546502071363
8,2097152,0.09370742691680789,2830.002621342839,2670153.481491382,741.7093004142727
8,4194304,0.1874148538336158,5660.005242685678,5340306.962982764,1483.418600828545
8,8388608,0.3748297076672316,11320.01048537136,10680613.92596553,2966.837201657091
16,0.25,1.117079584389558e-08,0.0003373626019183007,0.3183070995202915,8.841863875563651e-05
16,0.5,2.234158991143431e-08,0.0006747252038330487,0.6366141990402614,0.0001768372775111837
16,1,4.46831833755823e-08,0.00134945040766965,1.273228398080507,0.000353674555022363
16,2,8.936636675116461e-08,0.002698900815335747,2.546456796160816,0.0007073491100446712
16,4,1.787327335023292e-07,0.005397801630675048,5.092913592322079,0.001414698220089466
16,8,3.574654652283016e-07,0.0107956032613501,10.18582718464435,0.002829396440178987
16,16,7.149309304566032e-07,0.02159120652269664,20.37165436928862,0.005658792880357951
16,32,1.429861860913206e-06,0.04318241304538972,40.74330873857708,0.01131758576071586
16,64,2.859723721826413e-06,0.08636482609078655,81.48661747715393,0.02263517152143165
16,128,5.719447443652825e-06,0.1727296521815695,162.9732349543083,0.04527034304286342
16,256,1.143889488730565e-05,0.3454593043631426,325.9464699086173,0.09054068608572703
16,512,2.28777897746113e-05,0.6909186087262782,651.8929398172339,0.1810813721714539
16,1024,4.57555795492226e-05,1.381837217452556,1303.785879634468,0.3621627443429078
16,2048,9.151115909844521e-05,2.763674434905116,2607.571759268926,0.7243254886858127
16,4096,0.0001830223181968904,5.527348869810233,5215.14351853785,1.448650977371625
16,8192,0.0003660446363937808,11.05469773962047,10430.2870370757,2.89730195474325
16,16384,0.0007320892727875616,22.10939547924093,20860.57407415143,5.794603909486508
16,32768,0.001464178545575123,44.21879095848186,41721.14814830281,11.589207818973
16,65536,0.002928357091150247,88.43758191696372,83442.29629660568,23.17841563794602
16,131072,0.005856714182300493,176.8751638339274,166884.5925932114,46.35683127589204
16,262144,0.01171342836460099,353.7503276678549,333769.1851864226,92.71366255178405
16,524288,0.02342685672920197,707.5006553357098,667538.3703728452,185.4273251035681
16,1048576,0.04685371345840394,1415.00131067142,1335076.740745691,370.8546502071363
16,2097152,0.09370742691680789,2830.002621342839,2670153.481491382,741.7093004142727
16,4194304,0.1874148538336158,5660.005242685678,5340306.962982764,1483.418600828545
16,8388608,0.3748297076672316,11320.01048537136,10680613.92596553,2966.837201657091
32,0.25,1.117079406753874e-08,0.0003373626019111953,0.3183070995204176,8.841863875567154e-05
32,0.5,2.234159168779115e-08,0.0006747252038366014,0.6366141990405829,0.000176837277511273
32,1,4.468317982286862e-08,0.001349450407666097,1.273228398080523,0.0003536745550223674
32,2,8.936636675116461e-08,0.0026989008153393,2.546456796161014,0.000707349110044726
32,4,1.787327335023292e-07,0.005397801630671495,5.092913592321633,0.001414698220089342
32,8,3.574654670046584e-07,0.0107956032613501,10.18582718464416,0.002829396440178932
32,16,7.149309304566032e-07,0.02159120652270019,20.37165436928871,0.005658792880357974
32,32,1.429861860913206e-06,0.04318241304539328,40.74330873857725,0.0113175857607159
32,64,2.859723721826413e-06,0.08636482609077945,81.48661747715417,0.02263517152143171
32,128,5.719447443652825e-06,0.1727296521815731,162.9732349543079,0.04527034304286329
32,256,1.143889488730565e-05,0.3454593043631391,325.9464699086166,0.09054068608572684
32,512,2.28777897746113e-05,0.6909186087262853,651.8929398172346,0.1810813721714541
32,1024,4.57555795492226e-05,1.381837217452556,1303.785879634468,0.3621627443429077
32,2048,9.151115909844521e-05,2.763674434905113,2607.571759268937,0.7243254886858157
32,4096,0.0001830223181968904,5.527348869810233,5215.143518537851,1.448650977371625
32,8192,0.0003660446363937808,11.05469773962047,10430.2870370757,2.89730195474325
32,16384,0.0007320892727875616,22.10939547924093,20860.5740741514,5.7946039094865
32,32768,0.001464178545575123,44.21879095848186,41721.14814830285,11.58920781897302
32,65536,0.002928357091150247,88.43758191696372,83442.29629660562,23.17841563794601
32,131072,0.005856714182300493,176.8751638339274,166884.5925932114,46.35683127589204
32,262144,0.01171342836460099,353.7503276678549,333769.1851864227,92.71366255178408
32,524288,0.02342685672920197,707.5006553357098,667538.3703728452,185.4273251035681
32,1048576,0.04685371345840394,1415.00131067142,1335076.74074569,370.8546502071362
32,2097152,0.09370742691680789,2830.002621342839,2670153.481491382,741.7093004142727
32,4194304,0.1874148538336158,5660.005242685678,5340306.962982764,1483.418600828545
32,8388608,0.3748297076672316,11320.01048537136,10680613.92596553,2966.837201657091
64,0.25,1.117079762025242e-08,0.0003373626019254061,0.318307099519437,8.841863875539918e-05
64,0.5,2.234158813507747e-08,0.0006747252038223905,0.6366141990408352,0.0001768372775113431
64,1,4.46831833755823e-08,0.001349450407673203,1.273228398081166,0.000353674555022546
64,2,8.936635964573725e-08,0.002698900815332195,2.546456796161046,0.0007073491100447348
64,4,1.787327335023292e-07,0.0053978016306786,5.092913592322027,0.001414698220089452
64,8,3.574654670046584e-07,0.01079560326134299,10.18582718464327,0.002829396440178685
64,16,7.149309340093168e-07,0.02159120652270019,20.37165436928831,0.005658792880357865
64,32,1.429861860913206e-06,0.04318241304540038,40.74330873857741,0.01131758576071595
64,64,2.859723721826413e-06,0.08636482609078655,81.4866174771545,0.0226351715214318
64,128,5.719447443652825e-06,0.1727296521815589,162.9732349543083,0.04527034304286343
64,256,1.143889488730565e-05,0.3454593043631462,325.9464699086157,0.09054068608572659
64,512,2.28777897746113e-05,0.6909186087262782,651.8929398172332,0.1810813721714537
64,1024,4.57555795492226e-05,1.381837217452571,1303.785879634469,0.3621627443429081
64,2048,9.151115909844521e-05,2.763674434905113,2607.571759268936,0.7243254886858155
64,4096,0.0001830223181968904,5.527348869810226,5215.143518537873,1.448650977371631
64,8192,0.0003660446363937808,11.05469773962047,10430.2870370757,2.897301954743251
64,16384,0.0007320892727875616,22.10939547924093,20860.5740741514,5.7946039094865
64,32768,0.001464178545575123,44.21879095848186,41721.1481483028,11.589207818973
64,65536,0.002928357091150247,88.43758191696372,83442.29629660571,23.17841563794603
64,131072,0.005856714182300493,176.8751638339274,166884.5925932112,46.35683127589201
64,262144,0.01171342836460099,353.7503276678549,333769.1851864227,92.71366255178408
64,524288,0.02342685672920197,707.5006553357098,667538.3703728454,185.4273251035682
64,1048576,0.04685371345840394,1415.00131067142,1335076.74074569,370.8546502071362
64,2097152,0.09370742691680789,2830.002621342839,2670153.481491381,741.7093004142724
64,4194304,0.1874148538336158,5660.005242685678,5340306.962982764,1483.418600828545
64,8388608,0.3748297076672316,11320.01048537136,10680613.92596553,2966.837201657091
128,0.25,1.117079762025242e-08,0.0003373626018969844,0.3183070995200694,8.841863875557483e-05
128,0.5,2.234159524050483e-08,0.0006747252038508122,0.6366141990388741,0.0001768372775107984
128,1,4.468317627015495e-08,0.001349450407644781,1.27322839808167,0.0003536745550226862
128,2,8.936636675116461e-08,0.002698900815346406,2.546456796162332,0.0007073491100450921
128,4,1.787327192914745e-07,0.005397801630664389,5.092913592322091,0.00141469822008947
128,8,3.574654670046584e-07,0.0107956032613572,10.18582718464405,0.002829396440178904
128,16,7.149309340093168e-07,0.02159120652268598,20.37165436928653,0.00565879288035737
128,32,1.429861868018634e-06,0.04318241304540038,40.74330873857663,0.01131758576071573
128,64,2.859723721826413e-06,0.08636482609080076,81.48661747715482,0.0226351715214319
128,128,5.719447443652825e-06,0.1727296521815731,162.973234954309,0.04527034304286361
128,256,1.143889488730565e-05,0.3454593043631178,325.9464699086167,0.09054068608572685
128,512,2.28777897746113e-05,0.6909186087262924,651.8929398172314,0.1810813721714532
128,1024,4.57555795492226e-05,1.381837217452556,1303.785879634466,0.3621627443429074
128,2048,9.151115909844521e-05,2.763674434905141,2607.571759268938,0.7243254886858163
128,4096,0.0001830223181968904,5.527348869810226,5215.143518537871,1.448650977371631
128,8192,0.0003660446363937808,11.05469773962045,10430.28703707575,2.897301954743263
128,16384,0.0007320892727875616,22.10939547924093,20860.57407415141,5.794603909486502
128,32768,0.001464178545575123,44.21879095848186,41721.1481483028,11.589207818973
128,65536,0.002928357091150247,88.43758191696372,83442.29629660559,23.178415637946
128,131072,0.005856714182300493,176.8751638339274,166884.5925932114,46.35683127589206
128,262144,0.01171342836460099,353.7503276678549,333769.1851864225,92.71366255178403
128,524288,0.02342685672920197,707.5006553357098,667538.3703728454,185.4273251035682
128,1048576,0.04685371345840394,1415.00131067142,1335076.740745691,370.8546502071363
128,2097152,0.09370742691680789,2830.002621342839,2670153.481491381,741.7093004142724
128,4194304,0.1874148538336158,5660.005242685678,5340306.962982762,1483.418600828545
128,8388608,0.3748297076672316,11320.01048537136,10680613.92596553,2966.837201657091
256,0.25,1.11707834093977e-08,0.0003373626019538278,0.3183070995190178,8.841863875528272e-05
256,0.5,2.234159524050483e-08,0.0006747252037939688,0.6366141990401388,0.0001768372775111497
256,1,4.468319048100966e-08,0.001349450407701624,1.273228398077748,0.0003536745550215967
256,2,8.936635254030989e-08,0.002698900815289562,2.546456796163341,0.0007073491100453724
256,4,1.787327335023292e-07,0.005397801630692811,5.092913592324663,0.001414698220090184
256,8,3.57465438582949e-07,0.01079560326132878,10.18582718464418,0.002829396440178939
256,16,7.149309340093168e-07,0.0215912065227144,20.37165436928811,0.005658792880357808
256,32,1.429861868018634e-06,0.04318241304537196,40.74330873857306,0.01131758576071474
256,64,2.859723736037267e-06,0.08636482609080076,81.48661747715326,0.02263517152143146
256,128,5.719447443652825e-06,0.1727296521816015,162.9732349543096,0.04527034304286379
256,256,1.143889488730565e-05,0.3454593043631462,325.946469908618,0.09054068608572721
256,512,2.28777897746113e-05,0.6909186087262356,651.8929398172334,0.1810813721714537
256,1024,4.57555795492226e-05,1.381837217452585,1303.785879634463,0.3621627443429064
256,2048,9.151115909844521e-05,2.763674434905113,2607.571759268933,0.7243254886858147
256,4096,0.0001830223181968904,5.527348869810282,5215.143518537877,1.448650977371633
256,8192,0.0003660446363937808,11.05469773962045,10430.28703707574,2.897301954743262
256,16384,0.0007320892727875616,22.1093954792409,20860.57407415149,5.794603909486526
256,32768,0.001464178545575123,44.21879095848186,41721.14814830281,11.589207818973
256,65536,0.002928357091150247,88.43758191696372,83442.29629660559,23.178415637946
256,131072,0.005856714182300493,176.8751638339274,166884.5925932112,46.356831275892
256,262144,0.01171342836460099,353.7503276678549,333769.1851864228,92.71366255178413
256,524288,0.02342685672920197,707.5006553357098,667538.370372845,185.4273251035681
256,1048576,0.04685371345840394,1415.00131067142,1335076.740745691,370.8546502071363
256,2097152,0.09370742691680789,2830.002621342839,2670153.481491382,741.7093004142727
256,4194304,0.1874148538336158,5660.005242685678,5340306.962982762,1483.418600828545
256,8388608,0.3748297076672316,11320.01048537136,10680613.92596552,2966.83720165709
512,0.25,1.117081183110713e-08,0.000337362601840141,0.3183070995224853,8.84186387562459e-05
512,0.5,2.23415668187954e-08,0.0006747252039076557,0.6366141990380356,0.0001768372775105654
512,1,4.468319048100966e-08,0.001349450407587938,1.273228398080278,0.0003536745550222993
512,2,8.936638096201932e-08,0.002698900815403249,2.546456796155496,0.0007073491100431934
512,4,1.787327050806198e-07,0.005397801630579124,5.092913592326681,0.001414698220090745
512,8,3.574654670046584e-07,0.01079560326138562,10.18582718464933,0.002829396440180368
512,16,7.14930877165898e-07,0.02159120652265756,20.37165436928836,0.005658792880357879
512,32,1.429861868018634e-06,0.0431824130454288,40.74330873857622,0.01131758576071562
512,64,2.859723736037267e-06,0.08636482609074392,81.48661747714613,0.02263517152142948
512,128,5.719447472074535e-06,0.1727296521816015,162.9732349543065,0.04527034304286292
512,256,1.143889488730565e-05,0.345459304363203,325.9464699086193,0.09054068608572759
512,512,2.28777897746113e-05,0.6909186087262924,651.892939817236,0.1810813721714544
512,1024,4.57555795492226e-05,1.381837217452471,1303.785879634467,0.3621627443429074
512,2048,9.151115909844521e-05,2.76367443490517,2607.571759268926,0.7243254886858127
512,4096,0.0001830223181968904,5.527348869810226,5215.143518537866,1.448650977371629
512,8192,0.0003660446363937808,11.05469773962056,10430.28703707575,2.897301954743265
512,16384,0.0007320892727875616,22.1093954792409,20860.57407415149,5.794603909486524
512,32768,0.001464178545575123,44.2187909584818,41721.14814830299,11.58920781897305
512,65536,0.002928357091150247,88.43758191696372,83442.29629660562,23.17841563794601
512,131072,0.005856714182300493,176.8751638339274,166884.5925932112,46.356831275892
512,262144,0.01171342836460099,353.7503276678549,333769.1851864224,92.713662551784
512,524288,0.02342685672920197,707.5006553357098,667538.3703728457,185.4273251035683
512,1048576,0.04685371345840394,1415.00131067142,1335076.74074569,370.8546502071361
512,2097152,0.09370742691680789,2830.002621342839,2670153.481491382,741.7093004142727
512,4194304,0.1874148538336158,5660.005242685678,5340306.962982764,1483.418600828545
512,8388608,0.3748297076672316,11320.01048537136,10680613.92596552,2966.83720165709
1024,0.25,1.117075498768827e-08,0.000337362601840141,0.3183070995237358,8.841863875659328e-05
1024,0.5,2.234162366221426e-08,0.000674725203680282,0.6366141990449705,0.0001768372775124918
1024,1,4.46831336375908e-08,0.001349450407815311,1.273228398076071,0.0003536745550211309
1024,2,8.936638096201932e-08,0.002698900815175875,2.546456796160555,0.0007073491100445987
1024,4,1.787327619240386e-07,0.005397801630806498,5.092913592310992,0.001414698220086387
1024,8,3.574654101612396e-07,0.01079560326115825,10.18582718465336,0.002829396440181489
1024,16,7.149309340093168e-07,0.02159120652277124,20.37165436929865,0.005658792880360737
1024,32,1.429861754331796e-06,0.04318241304531512,40.74330873857673,0.01131758576071576
1024,64,2.859723736037267e-06,0.0863648260908576,81.48661747715244,0.02263517152143123
1024,128,5.719447472074535e-06,0.1727296521814878,162.9732349542923,0.04527034304285896
1024,256,1.143889494414907e-05,0.345459304363203,325.946469908613,0.09054068608572584
1024,512,2.28777897746113e-05,0.6909186087264061,651.8929398172386,0.1810813721714552
1024,1024,4.57555795492226e-05,1.381837217452585,1303.785879634472,0.3621627443429088
1024,2048,9.151115909844521e-05,2.763674434904942,2607.571759268933,0.7243254886858148
1024,4096,0.0001830223181968904,5.527348869810339,5215.143518537851,1.448650977371625
1024,8192,0.0003660446363937808,11.05469773962045,10430.28703707573,2.897301954743259
1024,16384,0.0007320892727875616,22.10939547924113,20860.57407415151,5.79460390948653
1024,32768,0.001464178545575123,44.2187909584818,41721.14814830297,11.58920781897305
1024,65536,0.002928357091150247,88.43758191696361,83442.29629660597,23.1784156379461
1024,131072,0.005856714182300493,176.8751638339274,166884.5925932112,46.35683127589201
1024,262144,0.01171342836460099,353.7503276678549,333769.1851864224,92.713662551784
1024,524288,0.02342685672920197,707.5006553357098,667538.3703728447,185.427325103568
1024,1048576,0.04685371345840394,1415.00131067142,1335076.740745691,370.8546502071365
1024,2097152,0.09370742691680789,2830.002621342839,2670153.48149138,741.7093004142722
1024,4194304,0.1874148538336158,5660.005242685678,5340306.962982764,1483.418600828545
1024,8388608,0.3748297076672316,11320.01048537136,10680613.92596553,2966.837201657091
2048,0.25,1.117086867452599e-08,0.000337362601840141,0.3183070995210073,8.841863875583537e-05
2048,0.5,2.234150997537654e-08,0.000674725203680282,0.6366141990474716,0.0001768372775131866
2048,1,4.468324732442852e-08,0.001349450407360564,1.273228398089941,0.0003536745550249836
2048,2,8.93662672751816e-08,0.002698900815630623,2.546456796152142,0.0007073491100422618
2048,4,1.787327619240386e-07,0.005397801630351751,5.092913592321111,0.001414698220089197
2048,8,3.574655238480773e-07,0.010795603261613,10.18582718462198,0.002829396440172774
2048,16,7.149308203224791e-07,0.0215912065223165,20.37165436930673,0.005658792880362979
2048,32,1.429861868018634e-06,0.04318241304554249,40.74330873859731,0.01131758576072147
2048,64,2.859723508663592e-06,0.08636482609063023,81.48661747715346,0.02263517152143152
2048,128,5.719447472074535e-06,0.1727296521817152,162.9732349543049,0.04527034304286246
2048,256,1.143889494414907e-05,0.3454593043629757,325.9464699085845,0.09054068608571791
2048,512,2.287778988829814e-05,0.6909186087264061,651.8929398172261,0.1810813721714517
2048,1024,4.57555795492226e-05,1.381837217452812,1303.785879634477,0.3621627443429103
2048,2048,9.151115909844521e-05,2.76367443490517,2607.571759268944,0.7243254886858177
2048,4096,0.0001830223181968904,5.527348869809884,5215.143518537867,1.44865097737163
2048,8192,0.0003660446363937808,11.05469773962068,10430.2870370757,2.897301954743251
2048,16384,0.0007320892727875616,22.1093954792409,20860.57407415146,5.794603909486518
2048,32768,0.001464178545575123,44.21879095848226,41721.14814830301,11.58920781897306
2048,65536,0.002928357091150247,88.43758191696361,83442.29629660594,23.1784156379461
2048,131072,0.005856714182300493,176.8751638339272,166884.5925932119,46.3568312758922
2048,262144,0.01171342836460099,353.7503276678549,333769.1851864225,92.71366255178403
2048,524288,0.02342685672920197,707.5006553357098,667538.3703728447,185.427325103568
2048,1048576,0.04685371345840394,1415.00131067142,1335076.740745689,370.854650207136
2048,2097152,0.09370742691680789,2830.002621342839,2670153.481491383,741.709300414273
2048,4194304,0.1874148538336158,5660.005242685678,5340306.96298276,1483.418600828544
2048,8388608,0.3748297076672316,11320.01048537136,10680613.92596553,2966.837201657091
4096,0.25,1.117086867452599e-08,0.0003373626022948883,0.3183070994914488,8.841863874762465e-05
4096,0.5,2.234173734905198e-08,0.000674725203680282,0.6366141990420147,0.0001768372775116707
4096,1,4.468301995075308e-08,0.001349450407360564,1.273228398094943,0.0003536745550263731
4096,2,8.936649464885704e-08,0.002698900814721128,2.546456796179882,0.0007073491100499672
4096,4,1.787325345503632e-07,0.005397801631261245,5.092913592304285,0.001414698220084524
4096,8,3.574655238480773e-07,0.0107956032607035,10.18582718464222,0.002829396440178395
4096,16,7.149310476961546e-07,0.02159120652322599,20.37165436924397,0.005658792880345547
4096,32,1.429861640644958e-06,0.04318241304463299,40.74330873861345,0.01131758576072596
4096,64,2.859723736037267e-06,0.08636482609108498,81.48661747719461,0.02263517152144295
4096,128,5.719447017327184e-06,0.1727296521812605,162.9732349543069,0.04527034304286303
4096,256,1.143889494414907e-05,0.3454593043634304,325.9464699086097,0.09054068608572492
4096,512,2.287778988829814e-05,0.6909186087259513,651.892939817169,0.1810813721714358
4096,1024,4.575557977659628e-05,1.381837217452812,1303.785879634452,0.3621627443429034
4096,2048,9.151115909844521e-05,2.763674434905624,2607.571759268954,0.7243254886858207
4096,4096,0.0001830223181968904,5.527348869810339,5215.143518537888,1.448650977371635
4096,8192,0.0003660446363937808,11.05469773961977,10430.28703707573,2.897301954743259
4096,16384,0.0007320892727875616,22.10939547924136,20860.57407415141,5.794603909486502
4096,32768,0.001464178545575123,44.2187909584818,41721.14814830293,11.58920781897304
4096,65536,0.002928357091150247,88.43758191696452,83442.29629660603,23.17841563794612
4096,131072,0.005856714182300493,176.8751638339272,166884.5925932119,46.35683127589219
4096,262144,0.01171342836460099,353.7503276678544,333769.1851864239,92.71366255178441
4096,524288,0.02342685672920197,707.5006553357098,667538.370372845,185.4273251035681
4096,1048576,0.04685371345840394,1415.00131067142,1335076.740745689,370.854650207136
4096,2097152,0.09370742691680789,2830.002621342839,2670153.481491379,741.709300414272
4096,4194304,0.1874148538336158,5660.005242685678,5340306.962982765,1483.418600828546
4096,8388608,0.3748297076672316,11320.01048537136,10680613.92596552,2966.837201657089
8192,0.25,1.117132342187688e-08,0.0003373626022948883,0.3183070996237802,8.84186387843834e-05
8192,0.5,2.234173734905198e-08,0.0006747252045897767,0.6366141989828975,0.0001768372774952493
8192,1,4.468347469810396e-08,0.001349450407360564,1.273228398084029,0.0003536745550233415
8192,2,8.936603990150616e-08,0.002698900814721128,2.546456796189887,0.0007073491100527462
8192,4,1.787329892977141e-07,0.005397801629442256,5.092913592359764,0.001414698220099934
8192,8,3.574650691007264e-07,0.01079560326252249,10.18582718460857,0.002829396440169047
8192,16,7.149310476961546e-07,0.021591206521407,20.37165436928444,0.005658792880356789
8192,32,1.429862095392309e-06,0.04318241304645198,40.74330873848794,0.01131758576069109
8192,64,2.859723281289916e-06,0.08636482608926599,81.4866174772269,0.02263517152145192
8192,128,5.719447472074535e-06,0.17272965218217,162.9732349543892,0.04527034304288589
8192,256,1.143889403465437e-05,0.3454593043625209,325.9464699086138,0.09054068608572606
8192,512,2.287778988829814e-05,0.6909186087268608,651.8929398172195,0.1810813721714498
8192,1024,4.575557977659628e-05,1.381837217451903,1303.785879634338,0.3621627443428717
8192,2048,9.151115955319256e-05,2.763674434905624,2607.571759268904,0.7243254886858067
8192,4096,0.0001830223181968904,5.527348869811249,5215.143518537909,1.448650977371641
8192,8192,0.0003660446363937808,11.05469773962068,10430.28703707578,2.897301954743271
8192,16384,0.0007320892727875616,22.10939547923954,20860.57407415147,5.794603909486518
8192,32768,0.001464178545575123,44.21879095848271,41721.14814830281,11.589207818973
8192,65536,0.002928357091150247,88.43758191696361,83442.29629660585,23.17841563794607
8192,131072,0.005856714182300493,176.875163833929,166884.5925932121,46.35683127589224
8192,262144,0.01171342836460099,353.7503276678544,333769.1851864238,92.71366255178438
8192,524288,0.02342685672920197,707.5006553357089,667538.3703728478,185.4273251035688
8192,1048576,0.04685371345840394,1415.00131067142,1335076.74074569,370.8546502071361
8192,2097152,0.09370742691680789,2830.002621342839,2670153.481491379,741.709300414272
8192,4194304,0.1874148538336158,5660.005242685678,5340306.962982758,1483.418600828544
8192,8388608,0.3748297076672316,11320.01048537136,10680613.92596553,2966.837201657092
16384,0.25,1.11704139271751e-08,0.0003373626022948883,0.318307099487356,8.841863874648778e-05
16384,0.5,2.234264684375376e-08,0.0006747252045897767,0.6366141992475605,0.0001768372775687668
16384,1,4.468347469810396e-08,0.001349450409179553,1.273228397965795,0.0003536745549904986
16384,2,8.936694939620793e-08,0.002698900814721128,2.546456796168059,0.0007073491100466829
16384,4,1.787320798030123e-07,0.005397801629442256,5.092913592379773,0.001414698220105492
16384,8,3.574659785954282e-07,0.01079560325888451,10.18582718471953,0.002829396440199869
16384,16,7.149301382014528e-07,0.02159120652504498,20.37165436921714,0.005658792880338094
16384,32,1.429862095392309e-06,0.04318241304281401,40.74330873856889,0.01131758576071358
16384,64,2.859724190784618e-06,0.08636482609290397,81.48661747697588,0.02263517152138219
16384,128,5.719446562579833e-06,0.172729652178532,162.9732349544538,0.04527034304290383
16384,256,1.143889494414907e-05,0.3454593043643399,325.9464699087785,0.09054068608577179
16384,512,2.287778806930874e-05,0.6909186087250418,651.8929398172277,0.1810813721714521
16384,1024,4.575557977659628e-05,1.381837217453722,1303.785879634439,0.3621627443428997
16384,2048,9.151115955319256e-05,2.763674434903805,2607.571759268676,0.7243254886857433
16384,4096,0.0001830223191063851,5.527348869811249,5215.143518537809,1.448650977371613
16384,8192,0.0003660446363937808,11.0546977396225,10430.28703707582,2.897301954743283
16384,16384,0.0007320892727875616,22.10939547924136,20860.57407415155,5.794603909486542
16384,32768,0.001464178545575123,44.21879095847908,41721.14814830293,11.58920781897304
16384,65536,0.002928357091150247,88.43758191696543,83442.29629660562,23.17841563794601
16384,131072,0.005856714182300493,176.8751638339272,166884.5925932117,46.35683127589214
16384,262144,0.01171342836460099,353.7503276678581,333769.1851864241,92.71366255178448
16384,524288,0.02342685672920197,707.5006553357089,667538.3703728475,185.4273251035688
16384,1048576,0.04685371345840394,1415.001310671418,1335076.740745696,370.8546502071376
16384,2097152,0.09370742691680789,2830.002621342839,2670153.48149138,741.7093004142722
16384,4194304,0.1874148538336158,5660.005242685678,5340306.962982758,1483.418600828544
16384,8388608,0.3748297076672316,11320.01048537136,10680613.92596552,2966.837201657088
32768,0.25,1.116859493777156e-08,0.0003373626022948883,0.3183071000421478,8.841863890059661e-05
32768,0.5,2.234082785435021e-08,0.0006747252045897767,0.6366141989747121,0.0001768372774929756
32768,1,4.468529368750751e-08,0.001349450409179553,1.273228398495121,0.0003536745551375336
32768,2,8.936694939620793e-08,0.002698900818359107,2.54645679593159,0.0007073491099809972
32768,4,1.787338987924159e-07,0.005397801629442256,5.092913592336117,0.001414698220093366
32768,8,3.574641596060246e-07,0.01079560325888451,10.18582718475955,0.002829396440210985
32768,16,7.149319571908563e-07,0.02159120651776902,20.37165436943906,0.005658792880399738
32768,32,1.429860276402906e-06,0.04318241305008996,40.74330873843428,0.01131758576067619
32768,64,2.859724190784618e-06,0.08636482608562801,81.48661747713777,0.02263517152142716
32768,128,5.719448381569237e-06,0.1727296521858079,162.9732349539518,0.04527034304276438
32768,256,1.143889312515967e-05,0.345459304357064,325.9464699089076,0.09054068608580766
32768,512,2.287778988829814e-05,0.6909186087286798,651.8929398175569,0.1810813721715436
32768,1024,4.575557613861747e-05,1.381837217450084,1303.785879634455,0.3621627443429042
32768,2048,9.151115955319256e-05,2.763674434907443,2607.571759268878,0.7243254886857994
32768,4096,0.0001830223191063851,5.527348869807611,5215.143518537352,1.448650977371487
32768,8192,0.0003660446382127702,11.0546977396225,10430.28703707562,2.897301954743227
32768,16384,0.0007320892727875616,22.10939547924499,20860.57407415163,5.794603909486566
32768,32768,0.001464178545575123,44.21879095848271,41721.1481483031,11.58920781897308
32768,65536,0.002928357091150247,88.43758191695815,83442.29629660587,23.17841563794607
32768,131072,0.005856714182300493,176.8751638339309,166884.5925932112,46.35683127589201
32768,262144,0.01171342836460099,353.7503276678544,333769.1851864234,92.71366255178428
32768,524288,0.02342685672920197,707.5006553357161,667538.3703728482,185.427325103569
32768,1048576,0.04685371345840394,1415.001310671418,1335076.740745695,370.8546502071375
32768,2097152,0.09370742691680789,2830.002621342835,2670153.481491391,741.7093004142753
32768,4194304,0.1874148538336158,5660.005242685678,5340306.96298276,1483.418600828544
32768,8388608,0.3748297076672316,11320.01048537136,10680613.92596552,2966.837201657088
65536,0.25,1.116859493777156e-08,0.000337362609570846,0.3183070985105587,8.84186384751552e-05
65536,0.5,2.233718987554312e-08,0.0006747252045897767,0.6366142000842956,0.0001768372778011932
65536,1,4.468165570870042e-08,0.001349450409179553,1.273228397949424,0.0003536745549859511
65536,2,8.937058737501502e-08,0.002698900818359107,2.546456796990242,0.0007073491102750672
65536,4,1.787338987924159e-07,0.005397801636718214,5.09291359186318,0.001414698219961994
65536,8,3.574677975848317e-07,0.01079560325888451,10.18582718467223,0.002829396440186732
65536,16,7.149283192120492e-07,0.02159120651776902,20.37165436951909,0.00565879288042197
65536,32,1.429863914381713e-06,0.04318241303553805,40.74330873887811,0.01131758576079948
65536,64,2.859720552805811e-06,0.08636482610017993,81.48661747686856,0.02263517152135238
65536,128,5.719448381569237e-06,0.172729652171256,162.9732349542755,0.04527034304285431
65536,256,1.143889676313847e-05,0.3454593043716159,325.9464699079035,0.09054068608552876
65536,512,2.287778625031933e-05,0.6909186087141279,651.8929398178152,0.1810813721716153
65536,1024,4.575557977659628e-05,1.38183721745736,1303.785879635114,0.3621627443430872
65536,2048,9.151115227723494e-05,2.763674434900167,2607.571759268911,0.7243254886858085
65536,4096,0.0001830223191063851,5.527348869814887,5215.143518537756,1.448650977371599
65536,8192,0.0003660446382127702,11.05469773961522,10430.2870370747,2.897301954742973
65536,16384,0.0007320892764255404,22.10939547924499,20860.57407415123,5.794603909486454
65536,32768,0.001464178545575123,44.21879095848999,41721.14814830327,11.58920781897313
65536,65536,0.002928357091150247,88.43758191696543,83442.2962966062,23.17841563794617
65536,131072,0.005856714182300493,176.8751638339163,166884.5925932117,46.35683127589215
65536,262144,0.01171342836460099,353.7503276678617,333769.1851864225,92.71366255178403
65536,524288,0.02342685672920197,707.5006553357089,667538.3703728468,185.4273251035686
65536,1048576,0.04685371345840394,1415.001310671432,1335076.740745696,370.8546502071379
65536,2097152,0.09370742691680789,2830.002621342835,2670153.48149139,741.709300414275
65536,4194304,0.1874148538336158,5660.005242685671,5340306.962982782,1483.418600828551
65536,8388608,0.3748297076672316,11320.01048537136,10680613.92596552,2966.837201657089
131072,0.25,1.117587089538574e-08,0.000337362609570846,0.3183070997765753,8.841863882682649e-05
131072,0.5,2.233718987554312e-08,0.0006747252191416919,0.6366141970211174,0.0001768372769503104
131072,1,4.467437975108624e-08,0.001349450409179553,1.273228400168591,0.0003536745556023864
131072,2,8.936331141740084e-08,0.002698900818359107,2.546456795898848,0.0007073491099719023
131072,4,1.7874117475003e-07,0.005397801636718214,5.092913593980484,0.001414698220550134
131072,8,3.574677975848317e-07,0.01079560327343643,10.18582718372636,0.002829396439923989
131072,16,7.149355951696634e-07,0.02159120651776902,20.37165436934447,0.005658792880373464
131072,32,1.429856638424098e-06,0.04318241303553805,40.74330873903818,0.01131758576084394
131072,64,2.859727828763425e-06,0.0863648260710761,81.48661747775623,0.02263517152159895
131072,128,5.719441105611622e-06,0.1727296522003599,162.9732349537371,0.04527034304270475
131072,256,1.143889676313847e-05,0.345459304342512,325.9464699085511,0.09054068608570863
131072,512,2.287779352627695e-05,0.6909186087432317,651.892939815807,0.1810813721710575
131072,1024,4.575557250063866e-05,1.381837217428256,1303.78587963563,0.3621627443432306
131072,2048,9.151115955319256e-05,2.763674434914719,2607.571759270228,0.7243254886861743
131072,4096,0.0001830223045544699,5.527348869800335,5215.143518537821,1.448650977371617
131072,8192,0.0003660446382127702,11.05469773962977,10430.28703707551,2.897301954743198
131072,16384,0.0007320892764255404,22.10939547923044,20860.57407414941,5.794603909485947
131072,32768,0.001464178552851081,44.21879095848999,41721.14814830247,11.58920781897291
131072,65536,0.002928357091150247,88.43758191697998,83442.29629660654,23.17841563794626
131072,131072,0.005856714182300493,176.8751638339309,166884.5925932124,46.35683127589233
131072,262144,0.01171342836460099,353.7503276678326,333769.1851864235,92.7136625517843
131072,524288,0.02342685672920197,707.5006553357234,667538.370372845,185.4273251035681
131072,1048576,0.04685371345840394,1415.001310671418,1335076.740745694,370.8546502071371
131072,2097152,0.09370742691680789,2830.002621342865,2670153.481491393,741.7093004142758
131072,4194304,0.1874148538336158,5660.005242685671,5340306.96298278,1483.41860082855
131072,8388608,0.3748297076672316,11320.01048537134,10680613.92596556,2966.837201657101
262144,0.25,1.117587089538574e-08,0.0003373625804670155,0.3183070951490663,8.84186375414073e-05
262144,0.5,2.235174179077148e-08,0.0006747252191416919,0.6366141995531507,0.000176837277653653
262144,1,4.467437975108624e-08,0.001349450438283384,1.273228394042235,0.0003536745539006208
262144,2,8.934875950217247e-08,0.002698900818359107,2.546456800337182,0.0007073491112047728
262144,4,1.787266228348017e-07,0.005397801636718214,5.092913591797696,0.001414698219943805
262144,8,3.574823495000601e-07,0.01079560327343643,10.18582718796097,0.002829396441100269
262144,16,7.149355951696634e-07,0.02159120654687285,20.37165436745272,0.005658792879847978
262144,32,1.429871190339327e-06,0.04318241303553805,40.74330873868894,0.01131758576074693
262144,64,2.859713276848197e-06,0.0863648260710761,81.48661747807637,0.02263517152168788
262144,128,5.719455657526851e-06,0.1727296521421522,162.9732349555125,0.0452703430431979
262144,256,1.143888221122324e-05,0.3454593044007197,325.9464699074742,0.09054068608540951
262144,512,2.287779352627695e-05,0.6909186086850241,651.8929398171022,0.1810813721714173
262144,1024,4.575558705255389e-05,1.381837217486463,1303.785879631614,0.362162744342115
262144,2048,9.151114500127733e-05,2.763674434856512,2607.571759271261,0.7243254886864613
262144,4096,0.0001830223191063851,5.527348869829439,5215.143518540455,1.448650977372349
262144,8192,0.0003660446091089398,11.05469773960067,10430.28703707564,2.897301954743234
262144,16384,0.0007320892764255404,22.10939547925955,20860.57407415102,5.794603909486395
262144,32768,0.001464178552851081,44.21879095846089,41721.14814829882,11.58920781897189
262144,65536,0.002928357105702162,88.43758191697998,83442.29629660494,23.17841563794581
262144,131072,0.005856714182300493,176.87516383396,166884.5925932131,46.35683127589252
262144,262144,0.01171342836460099,353.7503276678617,333769.1851864248,92.71366255178467
262144,524288,0.02342685672920197,707.5006553356652,667538.370372847,185.4273251035686
262144,1048576,0.04685371345840394,1415.001310671447,1335076.74074569,370.8546502071361
262144,2097152,0.09370742691680789,2830.002621342835,2670153.481491387,741.7093004142743
262144,4194304,0.1874148538336158,5660.005242685729,5340306.962982786,1483.418600828552
262144,8388608,0.3748297076672316,11320.01048537134,10680613.92596556,2966.8372016571
524288,0.25,1.117587089538574e-08,0.0003373625222593546,0.3183070966624655,8.841863796179597e-05
524288,0.5,2.235174179077148e-08,0.000674725160934031,0.6366141902981326,0.0001768372750828146
524288,1,4.470348358154297e-08,0.001349450438283384,1.273228399106301,0.0003536745553073059
524288,2,8.934875950217247e-08,0.002698900876566768,2.54645678808447,0.0007073491078012416
524288,4,1.786975190043449e-07,0.005397801636718214,5.092913600674365,0.001414698222409546
524288,8,3.574532456696033e-07,0.01079560327343643,10.18582718359539,0.002829396439887609
524288,16,7.149646990001202e-07,0.02159120654687285,20.37165437592193,0.005658792882200538
524288,32,1.429871190339327e-06,0.04318241309374571,40.74330873490544,0.01131758575969596
524288,64,2.859742380678654e-06,0.0863648260710761,81.48661747737788,0.02263517152149385
524288,128,5.719426553696394e-06,0.1727296521421522,162.9732349561527,0.04527034304337576
524288,256,1.14389113150537e-05,0.3454593042843044,325.9464699110249,0.0905406860863958
524288,512,2.287776442244649e-05,0.6909186088014394,651.8929398149485,0.181081372170819
524288,1024,4.575558705255389e-05,1.381837217370048,1303.785879634204,0.3621627443428345
524288,2048,9.151117410510778e-05,2.763674434972927,2607.571759263228,0.7243254886842301
524288,4096,0.0001830222900025547,5.527348869713023,5215.143518542522,1.448650977372923
524288,8192,0.0003660446382127702,11.05469773965888,10430.28703708091,2.897301954744697
524288,16384,0.0007320892182178795,22.10939547920134,20860.57407415129,5.794603909486468
524288,32768,0.001464178552851081,44.21879095851909,41721.14814830205,11.58920781897279
524288,65536,0.002928357105702162,88.43758191692177,83442.29629659763,23.17841563794379
524288,131072,0.005856714211404324,176.87516383396,166884.5925932099,46.35683127589163
524288,262144,0.01171342836460099,353.7503276679199,333769.1851864262,92.71366255178505
524288,524288,0.02342685672920197,707.5006553357234,667538.3703728496,185.4273251035693
524288,1048576,0.04685371345840394,1415.00131067133,1335076.740745694,370.8546502071372
524288,2097152,0.09370742691680789,2830.002621342894,2670153.48149138,741.7093004142722
524288,4194304,0.1874148538336158,5660.005242685671,5340306.962982775,1483.418600828549
524288,8388608,0.3748297076672316,11320.01048537146,10680613.92596557,2966.837201657103
1048576,0.25,1.117587089538574e-08,0.0003373627550899982,0.3183070929953828,8.84186369431619e-05
1048576,0.5,2.235174179077148e-08,0.0006747250445187092,0.636614193324931,0.0001768372759235919
1048576,1,4.470348358154297e-08,0.001349450321868062,1.273228380596265,0.0003536745501656292
1048576,2,8.940696716308594e-08,0.002698900876566768,2.546456798212603,0.0007073491106146119
1048576,4,1.786975190043449e-07,0.005397801753133535,5.092913576168939,0.001414698215602483
1048576,8,3.573950380086899e-07,0.01079560327343643,10.18582720134873,0.002829396444819091
1048576,16,7.149064913392067e-07,0.02159120654687285,20.37165436719079,0.005658792879775218
1048576,32,1.42992939800024e-06,0.04318241309374571,40.74330875184387,0.01131758576440108
1048576,64,2.859742380678654e-06,0.08636482618749142,81.48661746981088,0.02263517151939191
1048576,128,5.719484761357307e-06,0.1727296521421522,162.9732349547558,0.04527034304298771
1048576,256,1.143885310739279e-05,0.3454593042843044,325.9464699123055,0.09054068608675152
1048576,512,2.28778226301074e-05,0.6909186085686088,651.8929398220498,0.1810813721727916
1048576,1024,4.575552884489298e-05,1.381837217602879,1303.785879629897,0.362162744341638
1048576,2048,9.151117410510778e-05,2.763674434740096,2607.571759268409,0.724325488685669
1048576,4096,0.0001830223482102156,5.527348869945854,5215.143518526456,1.44865097736846
1048576,8192,0.0003660445800051093,11.05469773942605,10430.28703708504,2.897301954745845
1048576,16384,0.0007320892764255404,22.10939547931775,20860.57407416182,5.794603909489394
1048576,32768,0.001464178436435759,44.21879095840268,41721.14814830257,11.58920781897294
1048576,65536,0.002928357105702162,88.43758191703819,83442.29629660409,23.17841563794558
1048576,131072,0.005856714211404324,176.8751638338435,166884.5925931953,46.35683127588757
1048576,262144,0.01171342842280865,353.7503276679199,333769.1851864198,92.71366255178326
1048576,524288,0.02342685672920197,707.5006553358398,667538.3703728523,185.4273251035701
1048576,1048576,0.04685371345840394,1415.001310671447,1335076.740745699,370.8546502071387
1048576,2097152,0.09370742691680789,2830.002621342661,2670153.481491388,741.7093004142744
1048576,4194304,0.1874148538336158,5660.005242685787,5340306.96298276,1483.418600828544
1048576,8388608,0.3748297076672316,11320.01048537134,10680613.92596555,2966.837201657097
2097152,0.25,1.117587089538574e-08,0.0003373627550899982,0.3183071343228221,8.841864842300613e-05
2097152,0.5,2.235174179077148e-08,0.0006747255101799965,0.6366141859907657,0.0001768372738863238
2097152,1,4.470348358154297e-08,0.001349450089037418,1.273228386649862,0.0003536745518471839
2097152,2,8.940696716308594e-08,0.002698900643736124,2.54645676119253,0.0007073491003312584
2097152,4,1.788139343261719e-07,0.005397801753133535,5.092913596425205,0.001414698221229224
2097152,8,3.573950380086899e-07,0.01079560350626707,10.18582715233788,0.002829396431204966
2097152,16,7.147900760173798e-07,0.02159120654687285,20.37165440269746,0.005658792889638183
2097152,32,1.429812982678413e-06,0.04318241309374571,40.74330873438157,0.01131758575955044
2097152,64,2.859858796000481e-06,0.08636482618749142,81.48661750368774,0.02263517152880215
2097152,128,5.719484761357307e-06,0.1727296523749828,162.9732349396218,0.04527034303878382
2097152,256,1.143896952271461e-05,0.3454593042843044,325.9464699095115,0.09054068608597542
2097152,512,2.287770621478558e-05,0.6909186085686088,651.8929398246109,0.181081372173503
2097152,1024,4.575564526021481e-05,1.381837217137218,1303.7858796441,0.3621627443455832
2097152,2048,9.151105768978596e-05,2.763674435205758,2607.571759259794,0.7243254886832761
2097152,4096,0.0001830223482102156,5.527348869480193,5215.143518536817,1.448650977371338
2097152,8192,0.0003660446964204311,11.05469773989171,10430.28703705291,2.89730195473692
2097152,16384,0.0007320891600102186,22.10939547885209,20860.57407417009,5.79460390949169
2097152,32768,0.001464178552851081,44.21879095863551,41721.14814832364,11.58920781897879
2097152,65536,0.002928356872871518,88.43758191680536,83442.29629660514,23.17841563794587
2097152,131072,0.005856714211404324,176.8751638340764,166884.5925932082,46.35683127589116
2097152,262144,0.01171342842280865,353.7503276676871,333769.1851863905,92.71366255177514
2097152,524288,0.02342685684561729,707.5006553358398,667538.3703728395,185.4273251035665
2097152,1048576,0.04685371345840394,1415.00131067168,1335076.740745705,370.8546502071402
2097152,2097152,0.09370742691680789,2830.002621342894,2670153.481491399,741.7093004142773
2097152,4194304,0.1874148538336158,5660.005242685322,5340306.962982776,1483.418600828549
2097152,8388608,0.3748297076672316,11320.01048537157,10680613.92596552,2966.837201657089
4194304,0.25,1.117587089538574e-08,0.0003373622894287109,0.3183071152307093,8.841864311964148e-05
4194304,0.5,2.235174179077148e-08,0.0006747255101799965,0.6366142686456442,0.0001768372968460123
4194304,1,4.470348358154297e-08,0.001349451020359993,1.273228371981531,0.0003536745477726476
4194304,2,8.940696716308594e-08,0.002698900178074837,2.546456773299724,0.0007073491036943678
4194304,4,1.788139343261719e-07,0.005397801287472248,5.092913522385061,0.001414698200662517
4194304,8,3.576278686523438e-07,0.01079560350626707,10.18582719285041,0.002829396442458448
4194304,16,7.147900760173798e-07,0.02159120701253414,20.37165430467576,0.005658792862409933
4194304,32,1.42958015203476e-06,0.04318241309374571,40.74330880539492,0.01131758577927637
4194304,64,2.859625965356827e-06,0.08636482618749142,81.48661746876314,0.02263517151910087
4194304,128,5.719717592000961e-06,0.1727296523749828,162.9732350073755,0.0452703430576043
4194304,256,1.143896952271461e-05,0.3454593047499657,325.9464698792435,0.09054068607756764
4194304,512,2.287793904542923e-05,0.6909186085686088,651.892939819023,0.1810813721719508
4194304,1024,4.575541242957115e-05,1.381837217137218,1303.785879649222,0.3621627443470061
4194304,2048,9.151129052042961e-05,2.763674434274435,2607.571759288199,0.7243254886911664
4194304,4096,0.0001830221153795719,5.527348870411515,5215.143518519588,1.448650977366552
4194304,8192,0.0003660446964204311,11.05469773896039,10430.28703707363,2.897301954742676
4194304,16384,0.0007320893928408623,22.10939547978342,20860.57407410583,5.794603909473841
4194304,32768,0.001464178320020437,44.21879095770419,41721.14814834017,11.58920781898338
4194304,65536,0.002928357105702162,88.43758191727102,83442.29629664728,23.17841563795758
4194304,131072,0.005856713745743036,176.8751638336107,166884.5925932103,46.35683127589174
4194304,262144,0.01171342842280865,353.7503276681527,333769.1851864164,92.71366255178232
4194304,524288,0.02342685684561729,707.5006553353742,667538.3703727811,185.4273251035503
4194304,1048576,0.04685371369123459,1415.00131067168,1335076.740745679,370.854650207133
4194304,2097152,0.09370742691680789,2830.002621343359,2670153.481491409,741.7093004142804
4194304,4194304,0.1874148538336158,5660.005242685787,5340306.962982797,1483.418600828555
4194304,8388608,0.3748297076672316,11320.01048537064,10680613.92596555,2966.837201657097
8388608,0.25,1.117587089538574e-08,0.0003373622894287109,0.3183070067316294,8.841861298100816e-05
8388608,0.5,2.235174179077148e-08,0.0006747245788574219,0.6366142304614186,0.000176837286239283
8388608,1,4.470348358154297e-08,0.001349451020359993,1.273228537291288,0.0003536745936920245
8388608,2,8.940696716308594e-08,0.002698902040719986,2.546456743963063,0.0007073490955452952
8388608,4,1.788139343261719e-07,0.005397800356149673,5.092913546599448,0.001414698207388736
8388608,8,3.576278686523438e-07,0.0107956025749445,10.18582704477012,0.002829396401325034
8388608,16,7.152557373046875e-07,0.02159120701253414,20.37165438570082,0.005658792884916895
8388608,32,1.42958015203476e-06,0.04318241402506828,40.74330860935152,0.01131758572481987
8388608,64,2.859160304069519e-06,0.08636482618749142,81.48661761078984,0.02263517155855273
8388608,128,5.719251930713654e-06,0.1727296523749828,162.9732349375263,0.04527034303820174
8388608,256,1.143943518400192e-05,0.3454593047499657,325.946470014751,0.0905406861152086
8388608,512,2.287793904542923e-05,0.6909186094999313,651.892939758487,0.1810813721551353
8388608,1024,4.575587809085846e-05,1.381837217137218,1303.785879638046,0.3621627443439017
8388608,2048,9.15108248591423e-05,2.763674434274435,2607.571759298444,0.7243254886940121
8388608,4096,0.0001830225810408592,5.52734886854887,5215.143518576398,1.448650977382333
8388608,8192,0.0003660442307591438,11.05469774082303,10430.28703703918,2.897301954733104
8388608,16384,0.0007320893928408623,22.10939547792077,20860.57407414727,5.794603909485352
8388608,32768,0.001464178785681725,44.21879095956683,41721.14814821165,11.58920781894768
8388608,65536,0.002928356640040874,88.43758191540837,83442.29629668035,23.17841563796676
8388608,131072,0.005856714211404324,176.875163834542,166884.5925932946,46.35683127591516
8388608,262144,0.01171342749148607,353.7503276672214,333769.1851864206,92.71366255178349
8388608,524288,0.02342685684561729,707.5006553363055,667538.3703728328,185.4273251035646
8388608,1048576,0.04685371369123459,1415.001310670748,1335076.740745562,370.8546502071006
8388608,2097152,0.09370742738246918,2830.002621343359,2670153.481491358,741.7093004142661
8388608,4194304,0.1874148538336158,5660.005242686719,5340306.962982818,1483.418600828561
8388608,8388608,0.3748297076672316,11320.01048537157,10680613.92596559,2966.837201657109
