offset			,radius			,minErrorPerVert,maxErrorPerVert,totalError		,averageError	
0.25,0.25,1.187938636348917e-14,2.702470663917822e-09,1.70702376137144e-06,4.741732670476222e-10
0.25,0.5,2.375877272697835e-14,5.404941327835644e-09,3.414047520411412e-06,9.483465334476143e-10
0.25,1,4.729550084903167e-14,1.080988265567129e-08,6.828095041211402e-06,1.896693067003167e-09
0.25,2,9.459100169806334e-14,2.161976531134258e-08,1.365619007556718e-05,3.793386132101993e-09
0.25,4,1.891820033961267e-13,4.323953062268515e-08,2.731238016254189e-05,7.586772267372748e-09
0.25,8,3.783640067922533e-13,8.64790612453703e-08,5.462476029438612e-05,1.517354452621837e-08
0.25,16,7.567280135845067e-13,1.729581224907406e-07,0.0001092495205917143,3.034708905325398e-08
0.25,32,1.513456027169013e-12,3.459162449814812e-07,0.0002184990411145671,6.069417808737974e-08
0.25,64,3.026912054338027e-12,6.918324899629624e-07,0.0004369980822429564,1.21388356178599e-07
0.25,128,6.053824108676054e-12,1.383664979925925e-06,0.0008739961645017891,2.427767123616081e-07
0.25,256,1.210764821735211e-11,2.76732995985185e-06,0.001747992329076076,4.855534247433544e-07
0.25,512,2.421529643470421e-11,5.534659919703699e-06,0.003495984657531231,9.711068493142309e-07
0.25,1024,4.843059286940843e-11,1.10693198394074e-05,0.006991969315716245,1.942213698810068e-06
0.25,2048,9.686118573881686e-11,2.21386396788148e-05,0.01398393863097691,3.884427397493586e-06
0.25,4096,1.937223714776337e-10,4.42772793576296e-05,0.02796787726149774,7.768854794860483e-06
0.25,8192,3.874447429552674e-10,8.855455871525919e-05,0.0559357545275429,1.553770959098414e-05
0.25,16384,7.748894859105349e-10,0.0001771091174305184,0.1118715090569047,3.107541918247354e-05
0.25,32768,1.54977897182107e-09,0.0003542182348610368,0.2237430180992577,6.215083836090491e-05
0.25,65536,3.099557943642139e-09,0.0007084364697220735,0.4474860361985153,0.0001243016767218098
0.25,131072,6.199115887284279e-09,0.001416872939444147,0.8949720724406863,0.0002486033534557462
0.25,262144,1.239823177456856e-08,0.002833745878888294,1.78994414493958,0.0004972067069276612
0.25,524288,2.479646354913712e-08,0.005667491757776588,3.579888289879161,0.0009944134138553224
0.25,1048576,4.959292709827423e-08,0.01133498351555318,7.159776579874737,0.001988826827742982
0.25,2097152,9.918585419654846e-08,0.02266996703110635,14.31955315974947,0.003977653655485965
0.25,4194304,1.983717083930969e-07,0.04533993406221271,28.63910631949895,0.007955307310971931
0.25,8388608,3.967434167861938e-07,0.09067986812442541,57.2782126389979,0.01591061462194386
0.5,0.25,1.187938636348917e-14,2.702470636162246e-09,1.70702376017795e-06,4.741732667160973e-10
0.5,0.5,2.375877272697835e-14,5.404941327835644e-09,3.41404752274288e-06,9.483465340952444e-10
0.5,1,4.75175454539567e-14,1.080988265567129e-08,6.828095040822824e-06,1.896693066895229e-09
0.5,2,9.459100169806334e-14,2.161976531134258e-08,1.36561900824228e-05,3.793386134006334e-09
0.5,4,1.891820033961267e-13,4.323953062268515e-08,2.731238015113435e-05,7.586772264203986e-09
0.5,8,3.783640067922533e-13,8.64790612453703e-08,5.462476032508379e-05,1.51735445347455e-08
0.5,16,7.567280135845067e-13,1.729581224907406e-07,0.0001092495205887722,3.034708905243673e-08
0.5,32,1.513456027169013e-12,3.459162449814812e-07,0.0002184990411834287,6.069417810650796e-08
0.5,64,3.026912054338027e-12,6.918324899629624e-07,0.0004369980822291342,1.213883561747595e-07
0.5,128,6.053824108676054e-12,1.383664979925925e-06,0.0008739961644859129,2.42776712357198e-07
0.5,256,1.210764821735211e-11,2.76732995985185e-06,0.001747992329003578,4.855534247232162e-07
0.5,512,2.421529643470421e-11,5.534659919703699e-06,0.003495984658152151,9.711068494867088e-07
0.5,1024,4.843059286940843e-11,1.10693198394074e-05,0.006991969315062463,1.942213698628462e-06
0.5,2048,9.686118573881686e-11,2.21386396788148e-05,0.01398393863143249,3.884427397620136e-06
0.5,4096,1.937223714776337e-10,4.42772793576296e-05,0.02796787726195382,7.768854794987172e-06
0.5,8192,3.874447429552674e-10,8.855455871525919e-05,0.05593575452299548,1.553770958972097e-05
0.5,16384,7.748894859105349e-10,0.0001771091174305184,0.1118715090550858,3.107541918196828e-05
0.5,32768,1.54977897182107e-09,0.0003542182348610368,0.2237430181138095,6.215083836494708e-05
0.5,65536,3.099557943642139e-09,0.0007084364697220735,0.4474860361985153,0.0001243016767218098
0.5,131072,6.199115887284279e-09,0.001416872939444147,0.8949720723970307,0.0002486033534436197
0.5,262144,1.239823177456856e-08,0.002833745878888294,1.789944144881373,0.0004972067069114924
0.5,524288,2.479646354913712e-08,0.005667491757776588,3.579888289879161,0.0009944134138553224
0.5,1048576,4.959292709827423e-08,0.01133498351555318,7.159776579758321,0.001988826827710645
0.5,2097152,9.918585419654846e-08,0.02266996703110635,14.31955315974947,0.003977653655485964
0.5,4194304,1.983717083930969e-07,0.04533993406221271,28.63910631949895,0.007955307310971931
0.5,8388608,3.967434167861938e-07,0.09067986812442541,57.2782126389979,0.01591061462194386
1,0.25,1.176836406102666e-14,2.702470580651095e-09,1.707023760011417e-06,4.74173266669838e-10
1,0.5,2.375877272697835e-14,5.404941272324493e-09,3.414047520355901e-06,9.483465334321947e-10
1,1,4.75175454539567e-14,1.080988265567129e-08,6.82809504548576e-06,1.896693068190489e-09
1,2,9.50350909079134e-14,2.161976531134258e-08,1.365619008164565e-05,3.793386133790457e-09
1,4,1.891820033961267e-13,4.323953062268515e-08,2.731238016484561e-05,7.586772268012668e-09
1,8,3.783640067922533e-13,8.64790612453703e-08,5.46247603022687e-05,1.517354452840797e-08
1,16,7.567280135845067e-13,1.729581224907406e-07,0.0001092495206501676,3.034708906949099e-08
1,32,1.513456027169013e-12,3.459162449814812e-07,0.0002184990411775445,6.069417810487346e-08
1,64,3.026912054338027e-12,6.918324899629624e-07,0.0004369980823668573,1.213883562130159e-07
1,128,6.053824108676054e-12,1.383664979925925e-06,0.0008739961644582683,2.42776712349519e-07
1,256,1.210764821735211e-11,2.76732995985185e-06,0.001747992328971826,4.85553424714396e-07
1,512,2.421529643470421e-11,5.534659919703699e-06,0.003495984658007156,9.711068494464324e-07
1,1024,4.843059286940843e-11,1.10693198394074e-05,0.006991969316304303,1.942213698973418e-06
1,2048,9.686118573881686e-11,2.21386396788148e-05,0.01398393863012493,3.884427397256924e-06
1,4096,1.937223714776337e-10,4.42772793576296e-05,0.02796787726286498,7.768854795240273e-06
1,8192,3.874447429552674e-10,8.855455871525919e-05,0.05593575452390764,1.553770958997434e-05
1,16384,7.748894859105349e-10,0.0001771091174305184,0.111871509045991,3.107541917944193e-05
1,32768,1.54977897182107e-09,0.0003542182348610368,0.2237430181101716,6.215083836393656e-05
1,65536,3.099557943642139e-09,0.0007084364697220735,0.447486036227619,0.0001243016767298942
1,131072,6.199115887284279e-09,0.001416872939444147,0.8949720723970307,0.0002486033534436197
1,262144,1.239823177456856e-08,0.002833745878888294,1.789944144794061,0.0004972067068872393
1,524288,2.479646354913712e-08,0.005667491757776588,3.579888289762745,0.0009944134138229848
1,1048576,4.959292709827423e-08,0.01133498351555318,7.159776579758321,0.001988826827710645
1,2097152,9.918585419654846e-08,0.02266996703110635,14.31955315951664,0.00397765365542129
1,4194304,1.983717083930969e-07,0.04533993406221271,28.63910631949895,0.007955307310971929
1,8388608,3.967434167861938e-07,0.09067986812442541,57.2782126389979,0.01591061462194386
2,0.25,1.154631945610163e-14,2.702470691673398e-09,1.707023741470692e-06,4.741732615196367e-10
2,0.5,2.353672812205332e-14,5.40494116130219e-09,3.414047520022834e-06,9.483465333396759e-10
2,1,4.75175454539567e-14,1.080988254464899e-08,6.828095040711801e-06,1.896693066864389e-09
2,2,9.50350909079134e-14,2.161976531134258e-08,1.365619009097152e-05,3.793386136380978e-09
2,4,1.900701818158268e-13,4.323953062268515e-08,2.731238016329129e-05,7.586772267580915e-09
2,8,3.783640067922533e-13,8.64790612453703e-08,5.462476032969121e-05,1.517354453602534e-08
2,16,7.567280135845067e-13,1.729581224907406e-07,0.0001092495206045374,3.034708905681594e-08
2,32,1.513456027169013e-12,3.459162449814812e-07,0.0002184990413003352,6.069417813898198e-08
2,64,3.026912054338027e-12,6.918324899629624e-07,0.000436998082355089,1.213883562097469e-07
2,128,6.053824108676054e-12,1.383664979925925e-06,0.0008739961647337147,2.427767124260318e-07
2,256,1.210764821735211e-11,2.76732995985185e-06,0.001747992328916537,4.85553424699038e-07
2,512,2.421529643470421e-11,5.534659919703699e-06,0.003495984657943652,9.711068494287921e-07
2,1024,4.843059286940843e-11,1.10693198394074e-05,0.006991969316014313,1.942213698892865e-06
2,2048,9.686118573881686e-11,2.21386396788148e-05,0.01398393863260861,3.884427397946835e-06
2,4096,1.937223714776337e-10,4.42772793576296e-05,0.02796787726024985,7.768854794513847e-06
2,8192,3.874447429552674e-10,8.855455871525919e-05,0.05593575452572996,1.553770959048055e-05
2,16384,7.748894859105349e-10,0.0001771091174305184,0.1118715090478153,3.107541917994869e-05
2,32768,1.54977897182107e-09,0.0003542182348610368,0.2237430180919819,6.215083835888387e-05
2,65536,3.099557943642139e-09,0.0007084364697220735,0.4474860362203432,0.0001243016767278731
2,131072,6.199115887284279e-09,0.001416872939444147,0.8949720724552379,0.0002486033534597883
2,262144,1.239823177456856e-08,0.002833745878888294,1.789944144794061,0.0004972067068872393
2,524288,2.479646354913712e-08,0.005667491757776588,3.579888289588123,0.0009944134137744786
2,1048576,4.959292709827423e-08,0.01133498351555318,7.159776579525491,0.00198882682764597
2,2097152,9.918585419654846e-08,0.02266996703110635,14.31955315951664,0.00397765365542129
2,4194304,1.983717083930969e-07,0.04533993406221271,28.63910631903329,0.007955307310842579
2,8388608,3.967434167861938e-07,0.09067986812442541,57.27821263899789,0.01591061462194386
4,0.25,1.243449787580175e-14,2.702470691673398e-09,1.707023763231064e-06,4.741732675641843e-10
4,0.5,2.309263891220326e-14,5.404941383346795e-09,3.414047482941385e-06,9.483465230392735e-10
4,1,4.707345624410664e-14,1.080988232260438e-08,6.828095040045667e-06,1.896693066679352e-09
4,2,9.50350909079134e-14,2.161976508929797e-08,1.36561900814236e-05,3.793386133728779e-09
4,4,1.900701818158268e-13,4.323953062268515e-08,2.731238018194304e-05,7.586772272761955e-09
4,8,3.801403636316536e-13,8.64790612453703e-08,5.462476032658259e-05,1.517354453516183e-08
4,16,7.567280135845067e-13,1.729581224907406e-07,0.0001092495206593824,3.034708907205067e-08
4,32,1.513456027169013e-12,3.459162449814812e-07,0.0002184990412090748,6.069417811363189e-08
4,64,3.026912054338027e-12,6.918324899629624e-07,0.0004369980826006703,1.21388356277964e-07
4,128,6.053824108676054e-12,1.383664979925925e-06,0.0008739961647101779,2.427767124194939e-07
4,256,1.210764821735211e-11,2.76732995985185e-06,0.001747992329467429,4.855534248520637e-07
4,512,2.421529643470421e-11,5.534659919703699e-06,0.003495984657833073,9.711068493980759e-07
4,1024,4.843059286940843e-11,1.10693198394074e-05,0.006991969315887303,1.942213698857584e-06
4,2048,9.686118573881686e-11,2.21386396788148e-05,0.01398393863202863,3.88442739778573e-06
4,4096,1.937223714776337e-10,4.42772793576296e-05,0.02796787726521721,7.76885479589367e-06
4,8192,3.874447429552674e-10,8.855455871525919e-05,0.0559357545204997,1.553770958902769e-05
4,16384,7.748894859105349e-10,0.0001771091174305184,0.1118715090514599,3.107541918096109e-05
4,32768,1.54977897182107e-09,0.0003542182348610368,0.2237430180956306,6.215083835989738e-05
4,65536,3.099557943642139e-09,0.0007084364697220735,0.4474860361839639,0.0001243016767177677
4,131072,6.199115887284279e-09,0.001416872939444147,0.8949720724406864,0.0002486033534557462
4,262144,1.239823177456856e-08,0.002833745878888294,1.789944144910476,0.0004972067069195766
4,524288,2.479646354913712e-08,0.005667491757776588,3.579888289588123,0.0009944134137744786
4,1048576,4.959292709827423e-08,0.01133498351555318,7.159776579176246,0.001988826827548957
4,2097152,9.918585419654846e-08,0.02266996703110635,14.31955315905098,0.003977653655291939
4,4194304,1.983717083930969e-07,0.04533993406221271,28.63910631903329,0.007955307310842579
4,8388608,3.967434167861938e-07,0.09067986812442541,57.27821263806657,0.01591061462168516
8,0.25,1.06581410364015e-14,2.702471135762607e-09,1.707023788100059e-06,4.741732744722387e-10
8,0.5,2.486899575160351e-14,5.404941383346795e-09,3.414047526462127e-06,9.483465351283686e-10
8,1,4.618527782440651e-14,1.080988276669359e-08,6.828094965882769e-06,1.896693046078547e-09
8,2,9.414691248821327e-14,2.161976464520876e-08,1.365619008009133e-05,3.793386133358704e-09
8,4,1.900701818158268e-13,4.323953017859594e-08,2.731238016284721e-05,7.586772267457557e-09
8,8,3.801403636316536e-13,8.64790612453703e-08,5.462476036388608e-05,1.517354454552391e-08
8,16,7.602807272633072e-13,1.729581224907406e-07,0.0001092495206531652,3.034708907032366e-08
8,32,1.513456027169013e-12,3.459162449814812e-07,0.0002184990413187649,6.069417814410135e-08
8,64,3.026912054338027e-12,6.918324899629624e-07,0.0004369980824181496,1.213883562272638e-07
8,128,6.053824108676054e-12,1.383664979925925e-06,0.0008739961652013406,2.427767125559279e-07
8,256,1.210764821735211e-11,2.76732995985185e-06,0.001747992329420356,4.855534248389877e-07
8,512,2.421529643470421e-11,5.534659919703699e-06,0.003495984658934859,9.711068497041273e-07
8,1024,4.843059286940843e-11,1.10693198394074e-05,0.006991969315666147,1.942213698796152e-06
8,2048,9.686118573881686e-11,2.21386396788148e-05,0.01398393863177461,3.884427397715168e-06
8,4096,1.937223714776337e-10,4.42772793576296e-05,0.02796787726405725,7.768854795571459e-06
8,8192,3.874447429552674e-10,8.855455871525919e-05,0.05593575453043442,1.553770959178734e-05
8,16384,7.748894859105349e-10,0.0001771091174305184,0.1118715090409994,3.107541917805539e-05
8,32768,1.54977897182107e-09,0.0003542182348610368,0.2237430181029199,6.215083836192218e-05
8,65536,3.099557943642139e-09,0.0007084364697220735,0.4474860361912611,0.0001243016767197948
8,131072,6.199115887284279e-09,0.001416872939444147,0.8949720723679278,0.0002486033534355355
8,262144,1.239823177456856e-08,0.002833745878888294,1.789944144881373,0.0004972067069114925
8,524288,2.479646354913712e-08,0.005667491757776588,3.579888289820952,0.0009944134138391532
8,1048576,4.959292709827423e-08,0.01133498351555318,7.159776579176246,0.001988826827548957
8,2097152,9.918585419654846e-08,0.02266996703110635,14.31955315835249,0.003977653655097915
8,4194304,1.983717083930969e-07,0.04533993406221271,28.63910631810196,0.007955307310583878
8,8388608,3.967434167861938e-07,0.09067986812442541,57.27821263806657,0.01591061462168516
16,0.25,1.4210854715202e-14,2.702471135762607e-09,1.707023669084151e-06,4.741732414122642e-10
16,0.5,2.131628207280301e-14,5.404942271525215e-09,3.414047576200119e-06,9.483465489444775e-10
16,1,4.973799150320701e-14,1.080988276669359e-08,6.828095052924255e-06,1.896693070256737e-09
16,2,9.237055564881302e-14,2.161976553338718e-08,1.365618993176554e-05,3.793386092157094e-09
16,4,1.882938249764265e-13,4.323952929041752e-08,2.731238016018267e-05,7.586772266717408e-09
16,8,3.801403636316536e-13,8.647906035719188e-08,5.462476032569441e-05,1.517354453491511e-08
16,16,7.602807272633072e-13,1.729581224907406e-07,0.0001092495207277722,3.034708909104782e-08
16,32,1.520561454526614e-12,3.459162449814812e-07,0.0002184990413063304,6.069417814064732e-08
16,64,3.026912054338027e-12,6.918324899629624e-07,0.0004369980826375297,1.213883562882027e-07
16,128,6.053824108676054e-12,1.383664979925925e-06,0.0008739961648362993,2.427767124545276e-07
16,256,1.210764821735211e-11,2.76732995985185e-06,0.001747992330402681,4.855534251118559e-07
16,512,2.421529643470421e-11,5.534659919703699e-06,0.003495984658840712,9.711068496779754e-07
16,1024,4.843059286940843e-11,1.10693198394074e-05,0.006991969317869717,1.942213699408255e-06
16,2048,9.686118573881686e-11,2.21386396788148e-05,0.01398393863133229,3.884427397592304e-06
16,4096,1.937223714776337e-10,4.42772793576296e-05,0.02796787726354921,7.768854795430337e-06
16,8192,3.874447429552674e-10,8.855455871525919e-05,0.0559357545281145,1.553770959114292e-05
16,16384,7.748894859105349e-10,0.0001771091174305184,0.1118715090608688,3.107541918357468e-05
16,32768,1.54977897182107e-09,0.0003542182348610368,0.2237430180819988,6.215083835611078e-05
16,65536,3.099557943642139e-09,0.0007084364697220735,0.4474860362058397,0.0001243016767238444
16,131072,6.199115887284279e-09,0.001416872939444147,0.8949720723825223,0.0002486033534395895
16,262144,1.239823177456856e-08,0.002833745878888294,1.789944144735856,0.0004972067068710709
16,524288,2.479646354913712e-08,0.005667491757776588,3.579888289762746,0.000994413413822985
16,1048576,4.959292709827423e-08,0.01133498351555318,7.159776579641903,0.001988826827678306
16,2097152,9.918585419654846e-08,0.02266996703110635,14.31955315835249,0.003977653655097915
16,4194304,1.983717083930969e-07,0.04533993406221271,28.63910631670498,0.007955307310195829
16,8388608,3.967434167861938e-07,0.09067986812442541,57.27821263620393,0.01591061462116776
32,0.25,1.4210854715202e-14,2.702471135762607e-09,1.707023994157453e-06,4.741733317104035e-10
32,0.5,2.842170943040401e-14,5.404942271525215e-09,3.414047338168302e-06,9.483464828245283e-10
32,1,4.263256414560601e-14,1.080988454305043e-08,6.828095152400238e-06,1.896693097888955e-09
32,2,9.947598300641403e-14,2.161976553338718e-08,1.365619010584851e-05,3.793386140513474e-09
32,4,1.84741111297626e-13,4.323953106677436e-08,2.731237986353108e-05,7.586772184314188e-09
32,8,3.765876499528531e-13,8.647905858083504e-08,5.462476032036534e-05,1.517354453343482e-08
32,16,7.602807272633072e-13,1.729581207143838e-07,0.0001092495206513888,3.034708906983023e-08
32,32,1.520561454526614e-12,3.459162449814812e-07,0.0002184990414555443,6.069417818209564e-08
32,64,3.041122909053229e-12,6.918324899629624e-07,0.0004369980826126607,1.213883562812946e-07
32,128,6.053824108676054e-12,1.383664979925925e-06,0.0008739961652750594,2.427767125764054e-07
32,256,1.210764821735211e-11,2.76732995985185e-06,0.001747992329672599,4.855534249090551e-07
32,512,2.421529643470421e-11,5.534659919703699e-06,0.003495984660805362,9.711068502237118e-07
32,1024,4.843059286940843e-11,1.10693198394074e-05,0.006991969317681423,1.942213699355951e-06
32,2048,9.686118573881686e-11,2.21386396788148e-05,0.01398393863573943,3.884427398816509e-06
32,4096,1.937223714776337e-10,4.42772793576296e-05,0.02796787726266459,7.768854795184607e-06
32,8192,3.874447429552674e-10,8.855455871525919e-05,0.05593575452709842,1.553770959086067e-05
32,16384,7.748894859105349e-10,0.0001771091174305184,0.111871509056229,3.107541918228584e-05
32,32768,1.54977897182107e-09,0.0003542182348610368,0.2237430181217377,6.215083836714936e-05
32,65536,3.099557943642139e-09,0.0007084364697220735,0.4474860361639976,0.0001243016767122216
32,131072,6.199115887284279e-09,0.001416872939444147,0.8949720724116794,0.0002486033534476887
32,262144,1.239823177456856e-08,0.002833745878888294,1.789944144765045,0.000497206706879179
32,524288,2.479646354913712e-08,0.005667491757776588,3.579888289471711,0.0009944134137421419
32,1048576,4.959292709827423e-08,0.01133498351555318,7.159776579525492,0.00198882682764597
32,2097152,9.918585419654846e-08,0.02266996703110635,14.31955315928381,0.003977653655356613
32,4194304,1.983717083930969e-07,0.04533993406221271,28.63910631670498,0.007955307310195829
32,8388608,3.967434167861938e-07,0.09067986812442541,57.27821263340996,0.01591061462039166
64,0.25,0,2.702471135762607e-09,1.707022747154952e-06,4.741729853208198e-10
64,0.5,2.842170943040401e-14,5.404942271525215e-09,3.414047988314906e-06,9.48346663420807e-10
64,1,5.684341886080801e-14,1.080988454305043e-08,6.828094676336605e-06,1.896692965649057e-09
64,2,8.526512829121202e-14,2.161976908610086e-08,1.365619030480048e-05,3.79338619577791e-09
64,4,1.989519660128281e-13,4.323953106677436e-08,2.731238021169702e-05,7.586772281026949e-09
64,8,3.694822225952521e-13,8.647906213354872e-08,5.462475972706216e-05,1.517354436862838e-08
64,16,7.531752999057062e-13,1.729581171616701e-07,0.0001092495206407307,3.034708906686963e-08
64,32,1.520561454526614e-12,3.459162414287675e-07,0.0002184990413027776,6.069417813966046e-08
64,64,3.041122909053229e-12,6.918324899629624e-07,0.0004369980829110887,1.213883563641913e-07
64,128,6.082245818106458e-12,1.383664979925925e-06,0.0008739961652253214,2.427767125625893e-07
64,256,1.210764821735211e-11,2.76732995985185e-06,0.001747992330550119,4.855534251528108e-07
64,512,2.421529643470421e-11,5.534659919703699e-06,0.003495984659345197,9.711068498181102e-07
64,1024,4.843059286940843e-11,1.10693198394074e-05,0.006991969321610725,1.942213700447424e-06
64,2048,9.686118573881686e-11,2.21386396788148e-05,0.01398393863536285,3.884427398711902e-06
64,4096,1.937223714776337e-10,4.42772793576296e-05,0.02796787727147887,7.768854797633019e-06
64,8192,3.874447429552674e-10,8.855455871525919e-05,0.05593575452532917,1.553770959036921e-05
64,16384,7.748894859105349e-10,0.0001771091174305184,0.1118715090541968,3.107541918172135e-05
64,32768,1.54977897182107e-09,0.0003542182348610368,0.223743018112458,6.215083836457167e-05
64,65536,3.099557943642139e-09,0.0007084364697220735,0.4474860362434754,0.0001243016767342987
64,131072,6.199115887284279e-09,0.001416872939444147,0.8949720723279952,0.0002486033534244431
64,262144,1.239823177456856e-08,0.002833745878888294,1.789944144823359,0.0004972067068953774
64,524288,2.479646354913712e-08,0.005667491757776588,3.579888289530089,0.0009944134137583581
64,1048576,4.959292709827423e-08,0.01133498351555318,7.159776578943422,0.001988826827484284
64,2097152,9.918585419654846e-08,0.02266996703110635,14.31955315905098,0.00397765365529194
64,4194304,1.983717083930969e-07,0.04533993406221271,28.63910631856761,0.007955307310713226
64,8388608,3.967434167861938e-07,0.09067986812442541,57.27821263340996,0.01591061462039166
128,0.25,2.842170943040401e-14,2.70246403033525e-09,1.707024992469997e-06,4.741736090194434e-10
128,0.5,0,5.404942271525215e-09,3.414045494309903e-06,9.483459706416396e-10
128,1,5.684341886080801e-14,1.080988454305043e-08,6.828095976629811e-06,1.896693326841614e-09
128,2,1.13686837721616e-13,2.161976908610086e-08,1.365618935267321e-05,3.793385931298113e-09
128,4,1.70530256582424e-13,4.323953817220172e-08,2.731238060960095e-05,7.58677239155582e-09
128,8,3.979039320256561e-13,8.647906213354872e-08,5.462476042339404e-05,1.51735445620539e-08
128,16,7.389644451905042e-13,1.729581242670974e-07,0.0001092495194541243,3.034708873725675e-08
128,32,1.506350599811412e-12,3.459162343233402e-07,0.0002184990412814614,6.069417813373926e-08
128,64,3.041122909053229e-12,6.918324828575351e-07,0.0004369980826055553,1.213883562793209e-07
128,128,6.082245818106458e-12,1.383664979925925e-06,0.0008739961658221773,2.427767127283826e-07
128,256,1.216449163621292e-11,2.76732995985185e-06,0.001747992330450643,4.855534251251785e-07
128,512,2.421529643470421e-11,5.534659919703699e-06,0.003495984661100238,9.711068503056215e-07
128,1024,4.843059286940843e-11,1.10693198394074e-05,0.006991969318690394,1.94221369963622e-06
128,2048,9.686118573881686e-11,2.21386396788148e-05,0.01398393864322145,3.884427400894847e-06
128,4096,1.937223714776337e-10,4.42772793576296e-05,0.02796787727072569,7.768854797423803e-06
128,8192,3.874447429552674e-10,8.855455871525919e-05,0.05593575454295774,1.553770959526604e-05
128,16384,7.748894859105349e-10,0.0001771091174305184,0.1118715090506583,3.107541918073843e-05
128,32768,1.54977897182107e-09,0.0003542182348610368,0.2237430181083937,6.215083836344269e-05
128,65536,3.099557943642139e-09,0.0007084364697220735,0.447486036224916,0.0001243016767291433
128,131072,6.199115887284279e-09,0.001416872939444147,0.8949720724869508,0.0002486033534685975
128,262144,1.239823177456856e-08,0.002833745878888294,1.78994414465599,0.0004972067068488862
128,524288,2.479646354913712e-08,0.005667491757776588,3.579888289646718,0.0009944134137907549
128,1048576,4.959292709827423e-08,0.01133498351555318,7.159776579060178,0.001988826827516716
128,2097152,9.918585419654846e-08,0.02266996703110635,14.31955315788684,0.003977653654968567
128,4194304,1.983717083930969e-07,0.04533993406221271,28.63910631810197,0.00795530731058388
128,8388608,3.967434167861938e-07,0.09067986812442541,57.27821263713523,0.01591061462142645
256,0.25,0,2.702478241189965e-09,1.707025290897946e-06,4.74173691916096e-10
256,0.5,5.684341886080801e-14,5.4049280606705e-09,3.414049984939993e-06,9.483472180388869e-10
256,1,0,1.080988454305043e-08,6.828090988619806e-06,1.896691941283279e-09
256,2,1.13686837721616e-13,2.161976908610086e-08,1.365619195325962e-05,3.793386653683228e-09
256,4,2.273736754432321e-13,4.323953817220172e-08,2.731237870534642e-05,7.586771862596227e-09
256,8,3.410605131648481e-13,8.647907634440344e-08,5.46247612192019e-05,1.517354478311164e-08
256,16,7.958078640513122e-13,1.729581242670974e-07,0.0001092495208467881,3.03470891241078e-08
256,32,1.477928890381008e-12,3.459162485341949e-07,0.0002184990389082486,6.06941774745135e-08
256,64,3.012701199622825e-12,6.918324686466804e-07,0.0004369980825629227,1.213883562674785e-07
256,128,6.082245818106458e-12,1.38366496571507e-06,0.0008739961652111106,2.427767125586418e-07
256,256,1.216449163621292e-11,2.76732995985185e-06,0.001747992331644355,4.855534254567652e-07
256,512,2.432898327242583e-11,5.534659919703699e-06,0.003495984660901286,9.711068502503571e-07
256,1024,4.843059286940843e-11,1.10693198394074e-05,0.006991969322200475,1.942213700611243e-06
256,2048,9.686118573881686e-11,2.21386396788148e-05,0.01398393863738079,3.884427399272441e-06
256,4096,1.937223714776337e-10,4.42772793576296e-05,0.0279678772864429,7.768854801789694e-06
256,8192,3.874447429552674e-10,8.855455871525919e-05,0.05593575454145139,1.553770959484761e-05
256,16384,7.748894859105349e-10,0.0001771091174305184,0.1118715090859155,3.107541919053207e-05
256,32768,1.54977897182107e-09,0.0003542182348610368,0.2237430181013167,6.215083836147686e-05
256,65536,3.099557943642139e-09,0.0007084364697220735,0.4474860362167874,0.0001243016767268854
256,131072,6.199115887284279e-09,0.001416872939444147,0.894972072449832,0.0002486033534582867
256,262144,1.239823177456856e-08,0.002833745878888294,1.789944144973902,0.0004972067069371949
256,524288,2.479646354913712e-08,0.005667491757776588,3.579888289311981,0.0009944134136977724
256,1048576,4.959292709827423e-08,0.01133498351555318,7.159776579293435,0.00198882682758151
256,2097152,9.918585419654846e-08,0.02266996703110635,14.31955315812036,0.003977653655033432
256,4194304,1.983717083930969e-07,0.04533993406221271,28.63910631577369,0.007955307309937135
256,8388608,3.967434167861938e-07,0.09067986812442541,57.27821263620393,0.01591061462116776
512,0.25,0,2.702449819480535e-09,1.707020828689565e-06,4.74172452413768e-10
512,0.5,0,5.40495648237993e-09,3.414050581795891e-06,9.48347383832192e-10
512,1,1.13686837721616e-13,1.0809856121341e-08,6.828099969879986e-06,1.896694436077774e-09
512,2,0,2.161976908610086e-08,1.365618197723961e-05,3.793383882566559e-09
512,4,2.273736754432321e-13,4.323953817220172e-08,2.731238390651924e-05,7.586773307366456e-09
512,8,4.547473508864641e-13,8.647907634440344e-08,5.462475741069284e-05,1.517354372519245e-08
512,16,6.821210263296962e-13,1.729581526888069e-07,0.0001092495224384038,3.034708956622328e-08
512,32,1.591615728102624e-12,3.459162485341949e-07,0.0002184990416935761,6.069417824821559e-08
512,64,2.955857780762017e-12,6.918324970683898e-07,0.0004369980778164972,1.21388354949027e-07
512,128,6.02540239924565e-12,1.383664937293361e-06,0.0008739961651258454,2.42776712534957e-07
512,256,1.216449163621292e-11,2.76732993143014e-06,0.001747992330422221,4.855534251172837e-07
512,512,2.432898327242583e-11,5.534659919703699e-06,0.003495984663288709,9.711068509135303e-07
512,1024,4.865796654485166e-11,1.10693198394074e-05,0.006991969321802571,1.942213700500714e-06
512,2048,9.686118573881686e-11,2.21386396788148e-05,0.01398393864440095,3.884427401222486e-06
512,4096,1.937223714776337e-10,4.42772793576296e-05,0.02796787727476158,7.768854798544882e-06
512,8192,3.874447429552674e-10,8.855455871525919e-05,0.0559357545728858,1.553770960357939e-05
512,16384,7.748894859105349e-10,0.0001771091174305184,0.1118715090829028,3.107541918969521e-05
512,32768,1.54977897182107e-09,0.0003542182348610368,0.223743018171831,6.215083838106415e-05
512,65536,3.099557943642139e-09,0.0007084364697220735,0.4474860362026334,0.0001243016767229537
512,131072,6.199115887284279e-09,0.001416872939444147,0.8949720724335748,0.0002486033534537708
512,262144,1.239823177456856e-08,0.002833745878888294,1.789944144899664,0.0004972067069165734
512,524288,2.479646354913712e-08,0.005667491757776588,3.579888289947803,0.0009944134138743898
512,1048576,4.959292709827423e-08,0.01133498351555318,7.159776578623962,0.001988826827395545
512,2097152,9.918585419654846e-08,0.02266996703110635,14.31955315858687,0.00397765365516302
512,4194304,1.983717083930969e-07,0.04533993406221271,28.63910631624071,0.007955307310066865
512,8388608,3.967434167861938e-07,0.09067986812442541,57.27821263154738,0.01591061461987427
1024,0.25,0,2.702449819480535e-09,1.707018327579135e-06,4.741717576608709e-10
1024,0.5,0,5.404899638961069e-09,3.41404165737913e-06,9.48344904827536e-10
1024,1,0,1.080991296475986e-08,6.828101163591782e-06,1.896694767664384e-09
1024,2,2.273736754432321e-13,2.1619712242682e-08,1.365619993975997e-05,3.793388872155547e-09
1024,4,0,4.323953817220172e-08,2.731236395447922e-05,7.586767765133117e-09
1024,8,4.547473508864641e-13,8.647907634440344e-08,5.462476781303849e-05,1.517354661473291e-08
1024,16,9.094947017729282e-13,1.729581526888069e-07,0.0001092495148213857,3.034708745038491e-08
1024,32,1.364242052659392e-12,3.459163053776138e-07,0.0002184990448768076,6.069417913244656e-08
1024,64,3.183231456205249e-12,6.918324970683898e-07,0.0004369980833871523,1.213883564964312e-07
1024,128,5.911715561524034e-12,1.38366499413678e-06,0.0008739961556329945,2.42776709898054e-07
1024,256,1.20508047984913e-11,2.767329874586721e-06,0.001747992330251691,4.855534250699141e-07
1024,512,2.432898327242583e-11,5.534659862860281e-06,0.003495984660844442,9.711068502345673e-07
1024,1024,4.865796654485166e-11,1.10693198394074e-05,0.006991969326577419,1.942213701827061e-06
1024,2048,9.731593308970332e-11,2.21386396788148e-05,0.01398393864360514,3.884427401001428e-06
1024,4096,1.937223714776337e-10,4.42772793576296e-05,0.0279678772888019,7.768854802444972e-06
1024,8192,3.874447429552674e-10,8.855455871525919e-05,0.05593575454952315,1.553770959708976e-05
1024,16384,7.748894859105349e-10,0.0001771091174305184,0.1118715091457716,3.107541920715878e-05
1024,32768,1.54977897182107e-09,0.0003542182348610368,0.2237430181658056,6.215083837939043e-05
1024,65536,3.099557943642139e-09,0.0007084364697220735,0.4474860363436619,0.0001243016767621283
1024,131072,6.199115887284279e-09,0.001416872939444147,0.8949720724052668,0.0002486033534459074
1024,262144,1.239823177456856e-08,0.002833745878888294,1.78994414486715,0.0004972067069075415
1024,524288,2.479646354913712e-08,0.005667491757776588,3.579888289799328,0.0009944134138331468
1024,1048576,4.959292709827423e-08,0.01133498351555318,7.159776579895606,0.00198882682774878
1024,2097152,9.918585419654846e-08,0.02266996703110635,14.31955315724792,0.00397765365479109
1024,4194304,1.983717083930969e-07,0.04533993406221271,28.63910631717374,0.007955307310326039
1024,8388608,3.967434167861938e-07,0.09067986812442541,57.27821263248143,0.01591061462013373
2048,0.25,0,2.702563506318256e-09,1.706999682937749e-06,4.741665785938191e-10
2048,0.5,0,5.404899638961069e-09,3.41403665515827e-06,9.483435153217417e-10
2048,1,0,1.080979927792214e-08,6.82808331475826e-06,1.896689809655072e-09
2048,2,0,2.161982592951972e-08,1.365620232718356e-05,3.793389535328768e-09
2048,4,4.547473508864641e-13,4.3239424485364e-08,2.731239987951994e-05,7.586777744311095e-09
2048,8,0,8.647907634440344e-08,5.462472790895845e-05,1.517353553026623e-08
2048,16,9.094947017729282e-13,1.729581526888069e-07,0.000109249535626077,3.034709322946582e-08
2048,32,1.818989403545856e-12,3.459163053776138e-07,0.0002184990296427713,6.069417490076981e-08
2048,64,2.728484105318785e-12,6.918326107552275e-07,0.0004369980897536152,1.213883582648931e-07
2048,128,6.366462912410498e-12,1.38366499413678e-06,0.0008739961667743046,2.427767129928624e-07
2048,256,1.182343112304807e-11,2.767329988273559e-06,0.001747992311265989,4.85553419796108e-07
2048,512,2.41016095969826e-11,5.534659749173443e-06,0.003495984660503382,9.711068501398282e-07
2048,1024,4.865796654485166e-11,1.106931972572056e-05,0.006991969321688885,1.942213700469135e-06
2048,2048,9.731593308970332e-11,2.21386396788148e-05,0.01398393865315484,3.884427403654121e-06
2048,4096,1.946318661794066e-10,4.42772793576296e-05,0.02796787728721029,7.768854802002857e-06
2048,8192,3.874447429552674e-10,8.855455871525919e-05,0.0559357545776038,1.553770960488994e-05
2048,16384,7.748894859105349e-10,0.0001771091174305184,0.1118715090990463,3.107541919417953e-05
2048,32768,1.54977897182107e-09,0.0003542182348610368,0.2237430182915432,6.215083841431755e-05
2048,65536,3.099557943642139e-09,0.0007084364697220735,0.4474860363316111,0.0001243016767587809
2048,131072,6.199115887284279e-09,0.001416872939444147,0.8949720726873238,0.0002486033535242566
2048,262144,1.239823177456856e-08,0.002833745878888294,1.789944144810534,0.0004972067068918149
2048,524288,2.479646354913712e-08,0.005667491757776588,3.579888289734299,0.0009944134138150831
2048,1048576,4.959292709827423e-08,0.01133498351555318,7.159776579598656,0.001988826827666294
2048,2097152,9.918585419654846e-08,0.02266996703110635,14.31955315979121,0.003977653655497559
2048,4194304,1.983717083930969e-07,0.04533993406221271,28.63910631449585,0.007955307309582179
2048,8388608,3.967434167861938e-07,0.09067986812442541,57.27821263434748,0.01591061462065208
4096,0.25,0,2.70210875896737e-09,1.707041974441381e-06,4.74178326233717e-10
4096,0.5,0,5.405127012636513e-09,3.413999365875497e-06,9.483331571876382e-10
4096,1,0,1.080979927792214e-08,6.82807331031654e-06,1.896687030643483e-09
4096,2,0,2.161959855584428e-08,1.365616662951652e-05,3.793379619310144e-09
4096,4,0,4.323965185903944e-08,2.731240465436713e-05,7.586779070657536e-09
4096,8,9.094947017729282e-13,8.6478848970728e-08,5.462479975903989e-05,1.517355548862219e-08
4096,16,0,1.729581526888069e-07,0.0001092494558179169,3.034707106053247e-08
4096,32,1.818989403545856e-12,3.459163053776138e-07,0.000218499071252154,6.069418645893165e-08
4096,64,3.637978807091713e-12,6.918326107552275e-07,0.0004369980592855427,1.213883498015396e-07
4096,128,5.456968210637569e-12,1.383665221510455e-06,0.0008739961795072304,2.427767165297862e-07
4096,256,1.2732925824821e-11,2.767329988273559e-06,0.001747992333548609,4.855534259857247e-07
4096,512,2.364686224609613e-11,5.534659976547118e-06,0.003495984622531978,9.71106839592216e-07
4096,1024,4.82032191939652e-11,1.106931949834689e-05,0.006991969321006763,1.942213700279656e-06
4096,2048,9.731593308970332e-11,2.213863945144112e-05,0.01398393864337777,3.884427400938269e-06
4096,4096,1.946318661794066e-10,4.42772793576296e-05,0.02796787730630967,7.768854807308242e-06
4096,8192,3.892637323588133e-10,8.855455871525919e-05,0.05593575457442057,1.553770960400571e-05
4096,16384,7.748894859105349e-10,0.0001771091174305184,0.1118715091552076,3.107541920977989e-05
4096,32768,1.54977897182107e-09,0.0003542182348610368,0.2237430181980926,6.215083838835906e-05
4096,65536,3.099557943642139e-09,0.0007084364697220735,0.4474860365830864,0.0001243016768286351
4096,131072,6.199115887284279e-09,0.001416872939444147,0.8949720726632222,0.0002486033535175617
4096,262144,1.239823177456856e-08,0.002833745878888294,1.789944145374648,0.0004972067070485132
4096,524288,2.479646354913712e-08,0.005667491757776588,3.579888289621067,0.0009944134137836297
4096,1048576,4.959292709827423e-08,0.01133498351555318,7.159776579468598,0.001988826827630166
4096,2097152,9.918585419654846e-08,0.02266996703110635,14.31955315919731,0.003977653655332587
4096,4194304,1.983717083930969e-07,0.04533993406221271,28.63910631958242,0.007955307310995119
4096,8388608,3.967434167861938e-07,0.09067986812442541,57.2782126289917,0.01591061461916436
8192,0.25,0,2.703018253669143e-09,1.707060619082768e-06,4.741835053007688e-10
8192,0.5,0,5.40421751793474e-09,3.414083948882762e-06,9.483566524674341e-10
8192,1,0,1.081025402527303e-08,6.827998731750995e-06,1.896666314375276e-09
8192,2,0,2.161959855584428e-08,1.365614662063308e-05,3.793374061286967e-09
8192,4,0,4.323919711168855e-08,2.731233325903304e-05,7.586759238620288e-09
8192,8,0,8.647930371807888e-08,5.462480930873426e-05,1.517355814131507e-08
8192,16,1.818989403545856e-12,1.72957697941456e-07,0.0001092495995180798,3.034711097724438e-08
8192,32,0,3.459163053776138e-07,0.0002184989116358338,6.069414212106494e-08
8192,64,3.637978807091713e-12,6.918326107552275e-07,0.0004369981425043079,1.213883729178633e-07
8192,128,7.275957614183426e-12,1.383665221510455e-06,0.0008739961185710854,2.427766996030793e-07
8192,256,1.091393642127514e-11,2.76733044302091e-06,0.001747992359014461,4.855534330595725e-07
8192,512,2.546585164964199e-11,5.534659976547118e-06,0.003495984667097218,9.711068519714495e-07
8192,1024,4.729372449219227e-11,1.106931995309424e-05,0.006991969245063956,1.942213679184432e-06
8192,2048,9.640643838793039e-11,2.213863899669377e-05,0.01398393864201353,3.884427400559313e-06
8192,4096,1.946318661794066e-10,4.427727890288224e-05,0.02796787728675554,7.768854801876539e-06
8192,8192,3.892637323588133e-10,8.855455871525919e-05,0.05593575461261935,1.553770961461648e-05
8192,16384,7.785274647176266e-10,0.0001771091174305184,0.1118715091488411,3.107541920801143e-05
8192,32768,1.54977897182107e-09,0.0003542182348610368,0.2237430183104152,6.215083841955978e-05
8192,65536,3.099557943642139e-09,0.0007084364697220735,0.4474860363961852,0.0001243016767767181
8192,131072,6.199115887284279e-09,0.001416872939444147,0.8949720731661728,0.0002486033536572702
8192,262144,1.239823177456856e-08,0.002833745878888294,1.789944145326444,0.0004972067070351234
8192,524288,2.479646354913712e-08,0.005667491757776588,3.579888290749295,0.0009944134140970264
8192,1048576,4.959292709827423e-08,0.01133498351555318,7.159776579242134,0.001988826827567259
8192,2097152,9.918585419654846e-08,0.02266996703110635,14.3195531589372,0.003977653655260332
8192,4194304,1.983717083930969e-07,0.04533993406221271,28.63910631839462,0.007955307310665174
8192,8388608,3.967434167861938e-07,0.09067986812442541,57.27821263916485,0.01591061462199024
16384,0.25,0,2.703018253669143e-09,1.707217961666174e-06,4.742272115739373e-10
16384,0.5,0,5.406036507338285e-09,3.414121238165535e-06,9.483670106015376e-10
16384,1,0,1.080843503586948e-08,6.828167897765525e-06,1.896713304934868e-09
16384,2,0,2.162050805054605e-08,1.365599746350199e-05,3.793332628750553e-09
16384,4,0,4.323919711168855e-08,2.731229324126616e-05,7.586748122573934e-09
16384,8,0,8.647839422337711e-08,5.462466651806608e-05,1.517351847724058e-08
16384,16,0,1.729586074361578e-07,0.0001092496186174685,3.034711628263014e-08
16384,32,3.637978807091713e-12,3.45915395882912e-07,0.0002184991990361596,6.069422195448876e-08
16384,64,0,6.918326107552275e-07,0.0004369978232716676,1.213882842421299e-07
16384,128,7.275957614183426e-12,1.383665221510455e-06,0.0008739962850086158,2.427767458357266e-07
16384,256,1.455191522836685e-11,2.76733044302091e-06,0.001747992237142171,4.855533992061585e-07
16384,512,2.182787284255028e-11,5.53466088604182e-06,0.003495984718028922,9.71106866119145e-07
16384,1024,5.093170329928398e-11,1.106931995309424e-05,0.006991969334194437,1.942213703942899e-06
16384,2048,9.458744898438454e-11,2.213863990618847e-05,0.01398393849012791,3.884427358368864e-06
16384,4096,1.928128767758608e-10,4.427727799338754e-05,0.02796787728402705,7.768854801118625e-06
16384,8192,3.892637323588133e-10,8.855455780576449e-05,0.05593575457351108,1.553770960375308e-05
16384,16384,7.785274647176266e-10,0.0001771091174305184,0.1118715092252387,3.107541922923297e-05
16384,32768,1.557054929435253e-09,0.0003542182348610368,0.2237430182976823,6.215083841602285e-05
16384,65536,3.099557943642139e-09,0.0007084364697220735,0.4474860366208304,0.0001243016768391196
16384,131072,6.199115887284279e-09,0.001416872939444147,0.8949720727923705,0.0002486033535534362
16384,262144,1.239823177456856e-08,0.002833745878888294,1.789944146332346,0.0004972067073145404
16384,524288,2.479646354913712e-08,0.005667491757776588,3.579888290652889,0.0009944134140702468
16384,1048576,4.959292709827423e-08,0.01133498351555318,7.159776581498591,0.001988826828194053
16384,2097152,9.918585419654846e-08,0.02266996703110635,14.31955315848427,0.003977653655134519
16384,4194304,1.983717083930969e-07,0.04533993406221271,28.63910631787439,0.007955307310520665
16384,8388608,3.967434167861938e-07,0.09067986812442541,57.27821263678925,0.01591061462133035
32768,0.25,0,2.699380274862051e-09,1.706750481389463e-06,4.740973559415175e-10
32768,0.5,0,5.406036507338285e-09,3.414435923332348e-06,9.484544231478745e-10
32768,1,0,1.081207301467657e-08,6.82824247633107e-06,1.896734021203075e-09
32768,2,0,2.161687007173896e-08,1.365633579553105e-05,3.793426609869736e-09
32768,4,0,4.32410161010921e-08,2.731199492700398e-05,7.586665257501106e-09
32768,8,0,8.647839422337711e-08,5.462458648253232e-05,1.517349624514787e-08
32768,16,0,1.729567884467542e-07,0.0001092493330361322,3.034703695448115e-08
32768,32,0,3.459172148723155e-07,0.000218499237234937,6.069423256526029e-08
32768,64,7.275957614183426e-12,6.91830791765824e-07,0.0004369983980723191,1.213884439089775e-07
32768,128,0,1.383665221510455e-06,0.0008739956465433352,2.427765684842597e-07
32768,256,1.455191522836685e-11,2.76733044302091e-06,0.001747992570017232,4.855534916714532e-07
32768,512,2.91038304567337e-11,5.53466088604182e-06,0.003495984474284342,9.71106798412317e-07
32768,1024,4.365574568510056e-11,1.106932177208364e-05,0.006991969436057843,1.94221373223829e-06
32768,2048,1.01863406598568e-10,2.213863990618847e-05,0.01398393866838887,3.884427407885798e-06
32768,4096,1.891748979687691e-10,4.427727981237695e-05,0.02796787698025582,7.768854716737728e-06
32768,8192,3.856257535517216e-10,8.855455598677509e-05,0.05593575456805411,1.553770960223725e-05
32768,16384,7.785274647176266e-10,0.000177109115611529,0.1118715091470222,3.107541920750615e-05
32768,32768,1.557054929435253e-09,0.0003542182348610368,0.2237430184504774,6.215083845846594e-05
32768,65536,3.114109858870506e-09,0.0007084364697220735,0.4474860365953646,0.0001243016768320457
32768,131072,6.199115887284279e-09,0.001416872939444147,0.8949720732416608,0.0002486033536782391
32768,262144,1.239823177456856e-08,0.002833745878888294,1.789944145584741,0.0004972067071068724
32768,524288,2.479646354913712e-08,0.005667491757776588,3.579888292664691,0.0009944134146290808
32768,1048576,4.959292709827423e-08,0.01133498351555318,7.159776581305778,0.001988826828140494
32768,2097152,9.918585419654846e-08,0.02266996703110635,14.31955316299718,0.003977653656388106
32768,4194304,1.983717083930969e-07,0.04533993406221271,28.63910631696854,0.007955307310269038
32768,8388608,3.967434167861938e-07,0.09067986812442541,57.27821263574879,0.01591061462104133
65536,0.25,0,2.699380274862051e-09,1.708183845039457e-06,4.744955125109603e-10
65536,0.5,0,5.398760549724102e-09,3.413500962778926e-06,9.48194711883035e-10
65536,1,0,1.081207301467657e-08,6.828871846664697e-06,1.896908846295749e-09
65536,2,0,2.162414602935314e-08,1.365648495266214e-05,3.79346804240615e-09
65536,4,0,4.323374014347792e-08,2.73126715910621e-05,7.586853219739472e-09
65536,8,0,8.64820322021842e-08,5.462398985400796e-05,1.517333051500221e-08
65536,16,0,1.729567884467542e-07,0.0001092491729650646,3.034699249029574e-08
65536,32,0,3.459135768935084e-07,0.0002184986660722643,6.069407390896231e-08
65536,64,0,6.918344297446311e-07,0.0004369984744698741,1.213884651305206e-07
65536,128,1.455191522836685e-11,1.383661583531648e-06,0.0008739967961446382,2.42776887817955e-07
65536,256,0,2.76733044302091e-06,0.00174799129308667,4.855531369685195e-07
65536,512,2.91038304567337e-11,5.53466088604182e-06,0.003495985140034463,9.711069833429064e-07
65536,1024,5.820766091346741e-11,1.106932177208364e-05,0.006991968948568683,1.942213596824634e-06
65536,2048,8.731149137020111e-11,2.213864354416728e-05,0.01398393887211569,3.88442746447658e-06
65536,4096,2.037268131971359e-10,4.427727981237695e-05,0.02796787733677775,7.768854815771596e-06
65536,8192,3.783497959375381e-10,8.855455962475389e-05,0.05593575396051165,1.553770943347546e-05
65536,16384,7.712515071034431e-10,0.0001771091119735502,0.1118715091361082,3.10754192044745e-05
65536,32768,1.557054929435253e-09,0.000354218231223058,0.2237430182940443,6.215083841501231e-05
65536,65536,3.114109858870506e-09,0.0007084364697220735,0.4474860369009548,0.0001243016769169319
65536,131072,6.228219717741013e-09,0.001416872939444147,0.8949720731907291,0.0002486033536640914
65536,262144,1.239823177456856e-08,0.002833745878888294,1.789944146483322,0.0004972067073564782
65536,524288,2.479646354913712e-08,0.005667491757776588,3.579888291169482,0.0009944134142137449
65536,1048576,4.959292709827423e-08,0.01133498351555318,7.159776585329382,0.001988826829258162
65536,2097152,9.918585419654846e-08,0.02266996703110635,14.31955316261156,0.003977653656280987
65536,4194304,1.983717083930969e-07,0.04533993406221271,28.63910632599436,0.007955307312776211
65536,8388608,3.967434167861938e-07,0.09067986812442541,57.27821263393707,0.01591061462053808
131072,0.25,0,2.706656232476234e-09,1.705251634120941e-06,4.736810094780392e-10
131072,0.5,0,5.398760549724102e-09,3.416367690078914e-06,9.489910250219207e-10
131072,1,0,1.07975210994482e-08,6.827001925557852e-06,1.89638942376607e-09
131072,2,0,2.162414602935314e-08,1.365774369332939e-05,3.793817692591498e-09
131072,4,0,4.324829205870628e-08,2.731296990532428e-05,7.5869360848123e-09
131072,8,0,8.646748028695583e-08,5.46253431821242e-05,1.517370643947894e-08
131072,16,0,1.729640644043684e-07,0.0001092479797080159,3.034666103000442e-08
131072,32,0,3.459135768935084e-07,0.0002184983459301293,6.069398498059147e-08
131072,64,0,6.918271537870169e-07,0.0004369973321445286,1.213881478179246e-07
131072,128,0,1.383668859489262e-06,0.0008739969489397481,2.427769302610411e-07
131072,256,2.91038304567337e-11,2.767323167063296e-06,0.001747993592289276,4.855537756359101e-07
131072,512,0,5.53466088604182e-06,0.003495982586173341,9.71106273937039e-07
131072,1024,5.820766091346741e-11,1.106932177208364e-05,0.006991970280068927,1.942213966685813e-06
131072,2048,1.164153218269348e-10,2.213864354416728e-05,0.01398393789713737,3.884427193649268e-06
131072,4096,1.746229827404022e-10,4.427728708833456e-05,0.02796787774423137,7.76885492895316e-06
131072,8192,4.074536263942719e-10,8.855455962475389e-05,0.05593575467355549,1.553770963154319e-05
131072,16384,7.566995918750763e-10,0.0001771091192495078,0.1118715079210233,3.107541886695091e-05
131072,32768,1.542503014206886e-09,0.0003542182239471003,0.2237430182722164,6.2150838408949e-05
131072,65536,3.114109858870506e-09,0.0007084364624461159,0.4474860365880886,0.0001243016768300246
131072,131072,6.228219717741013e-09,0.001416872939444147,0.8949720738019096,0.0002486033538338638
131072,262144,1.245643943548203e-08,0.002833745878888294,1.789944146381458,0.0004972067073281828
131072,524288,2.479646354913712e-08,0.005667491757776588,3.579888292966643,0.0009944134147129564
131072,1048576,4.959292709827423e-08,0.01133498351555318,7.159776582338964,0.00198882682842749
131072,2097152,9.918585419654846e-08,0.02266996703110635,14.31955317065876,0.003977653658516323
131072,4194304,1.983717083930969e-07,0.04533993406221271,28.63910632522311,0.007955307312561975
131072,8388608,3.967434167861938e-07,0.09067986812442541,57.27821265198872,0.01591061462555242
262144,0.25,0,2.706656232476234e-09,1.708511263132095e-06,4.745864619811376e-10
262144,0.5,0,5.413312464952469e-09,3.410503268241882e-06,9.473620189560784e-10
262144,1,0,1.07975210994482e-08,6.832735380157828e-06,1.897982050043841e-09
262144,2,0,2.159504219889641e-08,1.36540038511157e-05,3.79277884753214e-09
262144,4,0,4.324829205870628e-08,2.731548738665879e-05,7.587635385182996e-09
262144,8,0,8.649658411741257e-08,5.462593981064856e-05,1.51738721696246e-08
262144,16,0,1.729349605739117e-07,0.0001092506863642484,3.034741287895789e-08
262144,32,0,3.459281288087368e-07,0.0002184959594160318,6.069332206000885e-08
262144,64,0,6.918271537870169e-07,0.0004369966918602586,1.213879699611829e-07
262144,128,0,1.383654307574034e-06,0.0008739946642890573,2.427762956358492e-07
262144,256,0,2.767337718978524e-06,0.001747993897879496,4.855538605220823e-07
262144,512,5.820766091346741e-11,5.534646334126592e-06,0.003495987184578553,9.711075512718202e-07
262144,1024,0,1.106932177208364e-05,0.006991965172346681,1.942212547874078e-06
262144,2048,1.164153218269348e-10,2.213864354416728e-05,0.01398394056013785,3.884427933371626e-06
262144,4096,2.328306436538696e-10,4.427728708833456e-05,0.02796787579427473,7.768854387298536e-06
262144,8192,3.492459654808044e-10,8.855457417666912e-05,0.05593575548846275,1.553770985790632e-05
262144,16384,8.149072527885437e-10,0.0001771091192495078,0.111871509347111,3.107541926308638e-05
262144,32768,1.513399183750153e-09,0.0003542182384990156,0.2237430158420466,6.215083773390183e-05
262144,65536,3.085006028413773e-09,0.0007084364478942007,0.4474860365444329,0.000124301676817898
262144,131072,6.228219717741013e-09,0.001416872924892232,0.8949720731761772,0.0002486033536600492
262144,262144,1.245643943548203e-08,0.002833745878888294,1.789944147603819,0.0004972067076677275
262144,524288,2.491287887096405e-08,0.005667491757776588,3.579888292762917,0.0009944134146563656
262144,1048576,4.959292709827423e-08,0.01133498351555318,7.159776585933287,0.001988826829425913
262144,2097152,9.918585419654846e-08,0.02266996703110635,14.31955316467793,0.00397765365685498
262144,4194304,1.983717083930969e-07,0.04533993406221271,28.63910634131753,0.007955307317032647
262144,8388608,3.967434167861938e-07,0.09067986812442541,57.27821265044622,0.01591061462512395
524288,0.25,0,2.677552402019501e-09,1.708685886114836e-06,4.746349683652322e-10
524288,0.5,0,5.413312464952469e-09,3.417022526264191e-06,9.491729239622753e-10
524288,1,0,1.082662492990494e-08,6.821006536483765e-06,1.894724037912157e-09
524288,2,0,2.159504219889641e-08,1.366547076031566e-05,3.795964100087683e-09
524288,4,0,4.319008439779282e-08,2.730800770223141e-05,7.58555769506428e-09
524288,8,0,8.649658411741257e-08,5.463097477331758e-05,1.517527077036599e-08
524288,16,0,1.729931682348251e-07,0.0001092518796212971,3.03477443392492e-08
524288,32,0,3.458699211478233e-07,0.0002185013727284968,6.069482575791578e-08
524288,64,0,6.918562576174736e-07,0.0004369919188320637,1.213866441200177e-07
524288,128,0,1.383654307574034e-06,0.0008739933837205172,2.427759399223659e-07
524288,256,0,2.767308615148067e-06,0.001747989328578115,4.855525912716984e-07
524288,512,0,5.534675437957048e-06,0.003495987795758992,9.711077210441646e-07
524288,1024,1.164153218269348e-10,1.106929266825318e-05,0.006991974369157106,1.94221510254364e-06
524288,2048,0,2.213864354416728e-05,0.01398393034469336,3.884425095748156e-06
524288,4096,2.328306436538696e-10,4.427728708833456e-05,0.02796788112027571,7.768855866743251e-06
524288,8192,4.656612873077393e-10,8.855457417666912e-05,0.05593575158854946,1.553770877459707e-05
524288,16384,6.984919309616089e-10,0.0001771091483533382,0.1118715109769255,3.107541971581264e-05
524288,32768,1.629814505577087e-09,0.0003542182384990156,0.223743018694222,6.215083852617277e-05
524288,65536,3.026798367500305e-09,0.0007084364769980311,0.4474860316840932,0.0001243016754678037
524288,131072,6.170012056827545e-09,0.001416872895788401,0.8949720730888657,0.000248603353635796
524288,262144,1.245643943548203e-08,0.002833745849784464,1.789944146352354,0.0004972067073200985
524288,524288,2.491287887096405e-08,0.005667491757776588,3.579888295207638,0.000994413415335455
524288,1048576,4.98257577419281e-08,0.01133498351555318,7.159776585525833,0.001988826829312731
524288,2097152,9.918585419654846e-08,0.02266996703110635,14.31955317186657,0.003977653658851826
524288,4194304,1.983717083930969e-07,0.04533993406221271,28.63910632935585,0.007955307313709959
524288,8388608,3.967434167861938e-07,0.09067986812442541,57.27821268263506,0.01591061463406529
1048576,0.25,0,2.793967723846436e-09,1.698150299489498e-06,4.717084165248606e-10
1048576,0.5,0,5.355104804039001e-09,3.417371772229671e-06,9.492699367304643e-10
1048576,1,0,1.082662492990494e-08,6.834045052528381e-06,1.898345847924551e-09
1048576,2,0,2.165324985980988e-08,1.364201307296753e-05,3.789448075824314e-09
1048576,4,0,4.319008439779282e-08,2.733094152063131e-05,7.591928200175365e-09
1048576,8,0,8.638016879558563e-08,5.461601540446281e-05,1.517111539012856e-08
1048576,16,0,1.729931682348251e-07,0.0001092619495466352,3.035054154073198e-08
1048576,32,0,3.459863364696503e-07,0.0002185037592425942,6.06954886784984e-08
1048576,64,0,6.917398422956467e-07,0.0004370027454569936,1.213896515158316e-07
1048576,128,0,1.383712515234947e-06,0.0008739838376641273,2.427732882400354e-07
1048576,256,0,2.767308615148067e-06,0.001747986767441034,4.855518798447318e-07
1048576,512,0,5.534617230296135e-06,0.003495978657156229,9.711051825433969e-07
1048576,1024,0,1.10693508759141e-05,0.006991975591517985,1.942215442088329e-06
1048576,2048,2.328306436538696e-10,2.213858533650637e-05,0.01398394873831421,3.884430205087281e-06
1048576,4096,0,4.427728708833456e-05,0.02796786068938673,7.768850191496312e-06
1048576,8192,4.656612873077393e-10,8.855457417666912e-05,0.05593576224055141,1.55377117334865e-05
1048576,16384,9.313225746154785e-10,0.0001771091483533382,0.1118715031770989,3.107541754919414e-05
1048576,32768,1.396983861923218e-09,0.0003542182967066765,0.223743021953851,6.215083943162528e-05
1048576,65536,3.259629011154175e-09,0.0007084364769980311,0.4474860373884439,0.0001243016770523455
1048576,131072,6.05359673500061e-09,0.001416872953996062,0.8949720633681864,0.0002486033509356073
1048576,262144,1.234002411365509e-08,0.002833745791576803,1.789944146177731,0.000497206707271592
1048576,524288,2.491287887096405e-08,0.005667491699568927,3.579888292704709,0.0009944134146401969
1048576,1048576,4.98257577419281e-08,0.01133498351555318,7.159776590415277,0.00198882683067091
1048576,2097152,9.96515154838562e-08,0.02266996703110635,14.31955317105167,0.003977653658625463
1048576,4194304,1.983717083930969e-07,0.04533993406221271,28.63910634373315,0.007955307317703652
1048576,8388608,3.967434167861938e-07,0.09067986812442541,57.27821265871171,0.01591061462741992
2097152,0.25,0,2.793967723846436e-09,1.70036219060421e-06,4.723228307233916e-10
2097152,0.5,0,5.587935447692871e-09,3.396300598978996e-06,9.434168330497212e-10
2097152,1,0,1.0710209608078e-08,6.834743544459343e-06,1.898539873460929e-09
2097152,2,0,2.165324985980988e-08,1.366809010505676e-05,3.796691695849101e-09
2097152,4,0,4.330649971961975e-08,2.728402614593506e-05,7.578896151648628e-09
2097152,8,0,8.638016879558563e-08,5.466188304126263e-05,1.518385640035073e-08
2097152,16,0,1.727603375911713e-07,0.0001092320308089256,3.034223078025712e-08
2097152,32,0,3.459863364696503e-07,0.0002185238990932703,6.070108308146397e-08
2097152,64,0,6.919726729393005e-07,0.0004370075184851885,1.213909773569968e-07
2097152,128,0,1.383479684591293e-06,0.0008740054909139872,2.427793030316631e-07
2097152,256,0,2.767425030469894e-06,0.001747967675328255,4.855465764800708e-07
2097152,512,0,5.534617230296135e-06,0.003495973534882069,9.711037596894635e-07
2097152,1024,0,1.106923446059227e-05,0.006991957314312458,1.942210365086794e-06
2097152,2048,0,2.213870175182819e-05,0.01398395118303597,3.884430884176658e-06
2097152,4096,4.656612873077393e-10,4.427717067301273e-05,0.02796789747662842,7.768860410174561e-06
2097152,8192,0,8.855457417666912e-05,0.05593572137877345,1.553770038299262e-05
2097152,16384,9.313225746154785e-10,0.0001771091483533382,0.1118715244811028,3.1075423466973e-05
2097152,32768,1.862645149230957e-09,0.0003542182967066765,0.2237430063541979,6.215083509838829e-05
2097152,65536,2.793967723846436e-09,0.000708436593413353,0.447486043907702,0.0001243016788632506
2097152,131072,6.51925802230835e-09,0.001416872953996062,0.8949720747768879,0.0002486033541046911
2097152,262144,1.210719347000122e-08,0.002833745907992125,1.789944126736373,0.0004972067018712146
2097152,524288,2.468004822731018e-08,0.005667491583153605,3.579888292355463,0.000994413414543184
2097152,1048576,4.98257577419281e-08,0.01133498339913785,7.159776585409418,0.001988826829280394
2097152,2097152,9.96515154838562e-08,0.02266996703110635,14.31955318083055,0.00397765366134182
2097152,4194304,1.993030309677124e-07,0.04533993406221271,28.63910634210333,0.007955307317250925
2097152,8388608,3.967434167861938e-07,0.09067986812442541,57.27821268746629,0.0159106146354073
4194304,0.25,0,2.793967723846436e-09,1.697801053524017e-06,4.716114037566715e-10
4194304,0.5,0,5.587935447692871e-09,3.40072438120842e-06,9.446456614467833e-10
4194304,1,0,1.117587089538574e-08,6.792601197957993e-06,1.886833666099442e-09
4194304,2,0,2.142041921615601e-08,1.366948708891869e-05,3.797079746921857e-09
4194304,4,0,4.330649971961975e-08,2.733618021011353e-05,7.593383391698202e-09
4194304,8,0,8.66129994392395e-08,5.456805229187012e-05,1.515779230329726e-08
4194304,16,0,1.727603375911713e-07,0.0001093237660825253,3.036771280070146e-08
4194304,32,0,3.455206751823425e-07,0.0002184640616178513,6.068446156051424e-08
4194304,64,0,6.919726729393005e-07,0.0004370477981865406,1.214021661629279e-07
4194304,128,0,1.383945345878601e-06,0.000874015036970377,2.427819547139936e-07
4194304,256,0,2.766959369182587e-06,0.001748010981827974,4.855586060633262e-07
4194304,512,0,5.534850060939789e-06,0.003495935350656509,9.710931529601415e-07
4194304,1024,0,1.106923446059227e-05,0.006991947069764137,1.942207519378927e-06
4194304,2048,0,2.213846892118454e-05,0.01398391462862492,3.884420730173588e-06
4194304,4096,0,4.427740350365639e-05,0.02796790236607194,7.768861768353317e-06
4194304,8192,9.313225746154785e-10,8.855434134602547e-05,0.05593579495325685,1.553772082034912e-05
4194304,16384,0,0.0001771091483533382,0.1118714427575469,3.107540076598525e-05
4194304,32768,1.862645149230957e-09,0.0003542182967066765,0.2237430489622056,6.215084693394601e-05
4194304,65536,3.725290298461914e-09,0.000708436593413353,0.4474860127083957,0.0001243016701967766
4194304,131072,5.587935447692871e-09,0.001416873186826706,0.8949720878154039,0.0002486033577265011
4194304,262144,1.30385160446167e-08,0.002833745907992125,1.789944149553776,0.0004972067082093821
4194304,524288,2.421438694000244e-08,0.005667491815984249,3.579888253472745,0.0009944134037424292
4194304,1048576,4.936009645462036e-08,0.01133498316630721,7.159776584710926,0.001988826829086368
4194304,2097152,9.96515154838562e-08,0.02266996679827571,14.31955317081884,0.003977653658560788
4194304,4194304,1.993030309677124e-07,0.04533993406221271,28.63910636166111,0.00795530732268364
4194304,8388608,3.986060619354248e-07,0.09067986812442541,57.27821268420666,0.01591061463450185
8388608,0.25,0,2.793967723846436e-09,1.710839569568634e-06,4.752332137690651e-10
8388608,0.5,0,5.587935447692871e-09,3.395602107048035e-06,9.43222807513343e-10
8388608,1,0,1.117587089538574e-08,6.80144876241684e-06,1.889291322893567e-09
8388608,2,0,2.235174179077148e-08,1.358520239591599e-05,3.773667332198885e-09
8388608,4,0,4.284083843231201e-08,2.733897417783737e-05,7.594159493843715e-09
8388608,8,0,8.66129994392395e-08,5.467236042022705e-05,1.51867667833964e-08
8388608,16,0,1.73225998878479e-07,0.0001091361045837402,3.031558460659451e-08
8388608,32,0,3.455206751823425e-07,0.0002186475321650505,6.073542560140292e-08
8388608,64,0,6.910413503646851e-07,0.0004369281232357025,1.213689231210285e-07
8388608,128,0,1.383945345878601e-06,0.0008740955963730812,2.428043323258559e-07
8388608,256,0,2.767890691757202e-06,0.001748030073940754,4.855639094279872e-07
8388608,512,0,5.533918738365173e-06,0.003496021963655949,9.711172121266525e-07
8388608,1024,0,1.106970012187958e-05,0.006991870701313019,1.942186305920283e-06
8388608,2048,0,2.213846892118454e-05,0.01398389413952827,3.884415038757854e-06
8388608,4096,0,4.427693784236908e-05,0.02796782925724983,7.768841460347175e-06
8388608,8192,0,8.855480700731277e-05,0.05593580473214388,1.553772353670663e-05
8388608,16384,1.862645149230957e-09,0.0001771086826920509,0.1118715899065137,3.107544164069824e-05
8388608,32768,0,0.0003542182967066765,0.2237428855150938,6.215080153197049e-05
8388608,65536,3.725290298461914e-09,0.000708436593413353,0.4474860979244113,0.000124301693867892
8388608,131072,7.450580596923828e-09,0.001416873186826706,0.8949720254167914,0.0002486033403935532
8388608,262144,1.117587089538574e-08,0.002833746373653412,1.789944175630808,0.0004972067154530022
8388608,524288,2.60770320892334e-08,0.005667491815984249,3.579888299107552,0.0009944134164187643
8388608,1048576,4.842877388000488e-08,0.0113349836319685,7.159776506945491,0.001988826807484858
8388608,2097152,9.872019290924072e-08,0.02266996633261442,14.31955316942185,0.003977653658172736
8388608,4194304,1.993030309677124e-07,0.04533993359655142,28.63910634163767,0.007955307317121576
8388608,8388608,3.986060619354248e-07,0.09067986812442541,57.27821272332221,0.01591061464536728
