offset			,radius			,minErrorPerVert,maxErrorPerVert,totalError		,averageError	
0.25,0.25,0,0,0,0
0.25,0.5,0,0,0,0
0.25,1,0,0,0,0
0.25,2,0,0,0,0
0.25,4,0,0,0,0
0.25,8,0,0,0,0
0.25,16,0,0,0,0
0.25,32,0,0,0,0
0.25,64,0,0,0,0
0.25,128,0,0,0,0
0.25,256,0,0,0,0
0.25,512,0,0,0,0
0.25,1024,0,0,0,0
0.25,2048,0,0,0,0
0.25,4096,0,0,0,0
0.25,8192,0,0,0,0
0.25,16384,0,0,0,0
0.25,32768,0,0,0,0
0.25,65536,0,0,0,0
0.25,131072,0,0,0,0
0.25,262144,0,0,0,0
0.25,524288,0,0,0,0
0.25,1048576,0,0,0,0
0.25,2097152,0,0,0,0
0.25,4194304,0,0,0,0
0.25,8388608,0,0,0,0
0.5,0.25,0,0,0,0
0.5,0.5,0,0,0,0
0.5,1,0,0,0,0
0.5,2,0,0,0,0
0.5,4,0,0,0,0
0.5,8,0,0,0,0
0.5,16,0,0,0,0
0.5,32,0,0,0,0
0.5,64,0,0,0,0
0.5,128,0,0,0,0
0.5,256,0,0,0,0
0.5,512,0,0,0,0
0.5,1024,0,0,0,0
0.5,2048,0,0,0,0
0.5,4096,0,0,0,0
0.5,8192,0,0,0,0
0.5,16384,0,0,0,0
0.5,32768,0,0,0,0
0.5,65536,0,0,0,0
0.5,131072,0,0,0,0
0.5,262144,0,0,0,0
0.5,524288,0,0,0,0
0.5,1048576,0,0,0,0
0.5,2097152,0,0,0,0
0.5,4194304,0,0,0,0
0.5,8388608,0,0,0,0
1,0.25,0,0,0,0
1,0.5,0,0,0,0
1,1,0,0,0,0
1,2,0,0,0,0
1,4,0,0,0,0
1,8,0,0,0,0
1,16,0,0,0,0
1,32,0,0,0,0
1,64,0,0,0,0
1,128,0,0,0,0
1,256,0,0,0,0
1,512,0,0,0,0
1,1024,0,0,0,0
1,2048,0,0,0,0
1,4096,0,0,0,0
1,8192,0,0,0,0
1,16384,0,0,0,0
1,32768,0,0,0,0
1,65536,0,0,0,0
1,131072,0,0,0,0
1,262144,0,0,0,0
1,524288,0,0,0,0
1,1048576,0,0,0,0
1,2097152,0,0,0,0
1,4194304,0,0,0,0
1,8388608,0,0,0,0
2,0.25,0,0,0,0
2,0.5,0,0,0,0
2,1,0,0,0,0
2,2,0,0,0,0
2,4,0,0,0,0
2,8,0,0,0,0
2,16,0,0,0,0
2,32,0,0,0,0
2,64,0,0,0,0
2,128,0,0,0,0
2,256,0,0,0,0
2,512,0,0,0,0
2,1024,0,0,0,0
2,2048,0,0,0,0
2,4096,0,0,0,0
2,8192,0,0,0,0
2,16384,0,0,0,0
2,32768,0,0,0,0
2,65536,0,0,0,0
2,131072,0,0,0,0
2,262144,0,0,0,0
2,524288,0,0,0,0
2,1048576,0,0,0,0
2,2097152,0,0,0,0
2,4194304,0,0,0,0
2,8388608,0,0,0,0
4,0.25,0,0,0,0
4,0.5,0,0,0,0
4,1,0,0,0,0
4,2,0,0,0,0
4,4,0,0,0,0
4,8,0,0,0,0
4,16,0,0,0,0
4,32,0,0,0,0
4,64,0,0,0,0
4,128,0,0,0,0
4,256,0,0,0,0
4,512,0,0,0,0
4,1024,0,0,0,0
4,2048,0,0,0,0
4,4096,0,0,0,0
4,8192,0,0,0,0
4,16384,0,0,0,0
4,32768,0,0,0,0
4,65536,0,0,0,0
4,131072,0,0,0,0
4,262144,0,0,0,0
4,524288,0,0,0,0
4,1048576,0,0,0,0
4,2097152,0,0,0,0
4,4194304,0,0,0,0
4,8388608,0,0,0,0
8,0.25,0,0,0,0
8,0.5,0,0,0,0
8,1,0,0,0,0
8,2,0,0,0,0
8,4,0,0,0,0
8,8,0,0,0,0
8,16,0,0,0,0
8,32,0,0,0,0
8,64,0,0,0,0
8,128,0,0,0,0
8,256,0,0,0,0
8,512,0,0,0,0
8,1024,0,0,0,0
8,2048,0,0,0,0
8,4096,0,0,0,0
8,8192,0,0,0,0
8,16384,0,0,0,0
8,32768,0,0,0,0
8,65536,0,0,0,0
8,131072,0,0,0,0
8,262144,0,0,0,0
8,524288,0,0,0,0
8,1048576,0,0,0,0
8,2097152,0,0,0,0
8,4194304,0,0,0,0
8,8388608,0,0,0,0
16,0.25,0,0,0,0
16,0.5,0,0,0,0
16,1,0,0,0,0
16,2,0,0,0,0
16,4,0,0,0,0
16,8,0,0,0,0
16,16,0,0,0,0
16,32,0,0,0,0
16,64,0,0,0,0
16,128,0,0,0,0
16,256,0,0,0,0
16,512,0,0,0,0
16,1024,0,0,0,0
16,2048,0,0,0,0
16,4096,0,0,0,0
16,8192,0,0,0,0
16,16384,0,0,0,0
16,32768,0,0,0,0
16,65536,0,0,0,0
16,131072,0,0,0,0
16,262144,0,0,0,0
16,524288,0,0,0,0
16,1048576,0,0,0,0
16,2097152,0,0,0,0
16,4194304,0,0,0,0
16,8388608,0,0,0,0
32,0.25,0,0,0,0
32,0.5,0,0,0,0
32,1,0,0,0,0
32,2,0,0,0,0
32,4,0,0,0,0
32,8,0,0,0,0
32,16,0,0,0,0
32,32,0,0,0,0
32,64,0,0,0,0
32,128,0,0,0,0
32,256,0,0,0,0
32,512,0,0,0,0
32,1024,0,0,0,0
32,2048,0,0,0,0
32,4096,0,0,0,0
32,8192,0,0,0,0
32,16384,0,0,0,0
32,32768,0,0,0,0
32,65536,0,0,0,0
32,131072,0,0,0,0
32,262144,0,0,0,0
32,524288,0,0,0,0
32,1048576,0,0,0,0
32,2097152,0,0,0,0
32,4194304,0,0,0,0
32,8388608,0,0,0,0
64,0.25,0,0,0,0
64,0.5,0,0,0,0
64,1,0,0,0,0
64,2,0,0,0,0
64,4,0,0,0,0
64,8,0,0,0,0
64,16,0,0,0,0
64,32,0,0,0,0
64,64,0,0,0,0
64,128,0,0,0,0
64,256,0,0,0,0
64,512,0,0,0,0
64,1024,0,0,0,0
64,2048,0,0,0,0
64,4096,0,0,0,0
64,8192,0,0,0,0
64,16384,0,0,0,0
64,32768,0,0,0,0
64,65536,0,0,0,0
64,131072,0,0,0,0
64,262144,0,0,0,0
64,524288,0,0,0,0
64,1048576,0,0,0,0
64,2097152,0,0,0,0
64,4194304,0,0,0,0
64,8388608,0,0,0,0
128,0.25,0,0,0,0
128,0.5,0,0,0,0
128,1,0,0,0,0
128,2,0,0,0,0
128,4,0,0,0,0
128,8,0,0,0,0
128,16,0,0,0,0
128,32,0,0,0,0
128,64,0,0,0,0
128,128,0,0,0,0
128,256,0,0,0,0
128,512,0,0,0,0
128,1024,0,0,0,0
128,2048,0,0,0,0
128,4096,0,0,0,0
128,8192,0,0,0,0
128,16384,0,0,0,0
128,32768,0,0,0,0
128,65536,0,0,0,0
128,131072,0,0,0,0
128,262144,0,0,0,0
128,524288,0,0,0,0
128,1048576,0,0,0,0
128,2097152,0,0,0,0
128,4194304,0,0,0,0
128,8388608,0,0,0,0
256,0.25,0,0,0,0
256,0.5,0,0,0,0
256,1,0,0,0,0
256,2,0,0,0,0
256,4,0,0,0,0
256,8,0,0,0,0
256,16,0,0,0,0
256,32,0,0,0,0
256,64,0,0,0,0
256,128,0,0,0,0
256,256,0,0,0,0
256,512,0,0,0,0
256,1024,0,0,0,0
256,2048,0,0,0,0
256,4096,0,0,0,0
256,8192,0,0,0,0
256,16384,0,0,0,0
256,32768,0,0,0,0
256,65536,0,0,0,0
256,131072,0,0,0,0
256,262144,0,0,0,0
256,524288,0,0,0,0
256,1048576,0,0,0,0
256,2097152,0,0,0,0
256,4194304,0,0,0,0
256,8388608,0,0,0,0
512,0.25,0,0,0,0
512,0.5,0,0,0,0
512,1,0,0,0,0
512,2,0,0,0,0
512,4,0,0,0,0
512,8,0,0,0,0
512,16,0,0,0,0
512,32,0,0,0,0
512,64,0,0,0,0
512,128,0,0,0,0
512,256,0,0,0,0
512,512,0,0,0,0
512,1024,0,0,0,0
512,2048,0,0,0,0
512,4096,0,0,0,0
512,8192,0,0,0,0
512,16384,0,0,0,0
512,32768,0,0,0,0
512,65536,0,0,0,0
512,131072,0,0,0,0
512,262144,0,0,0,0
512,524288,0,0,0,0
512,1048576,0,0,0,0
512,2097152,0,0,0,0
512,4194304,0,0,0,0
512,8388608,0,0,0,0
1024,0.25,0,0,0,0
1024,0.5,0,0,0,0
1024,1,0,0,0,0
1024,2,0,0,0,0
1024,4,0,0,0,0
1024,8,0,0,0,0
1024,16,0,0,0,0
1024,32,0,0,0,0
1024,64,0,0,0,0
1024,128,0,0,0,0
1024,256,0,0,0,0
1024,512,0,0,0,0
1024,1024,0,0,0,0
1024,2048,0,0,0,0
1024,4096,0,0,0,0
1024,8192,0,0,0,0
1024,16384,0,0,0,0
1024,32768,0,0,0,0
1024,65536,0,0,0,0
1024,131072,0,0,0,0
1024,262144,0,0,0,0
1024,524288,0,0,0,0
1024,1048576,0,0,0,0
1024,2097152,0,0,0,0
1024,4194304,0,0,0,0
1024,8388608,0,0,0,0
2048,0.25,0,0,0,0
2048,0.5,0,0,0,0
2048,1,0,0,0,0
2048,2,0,0,0,0
2048,4,0,0,0,0
2048,8,0,0,0,0
2048,16,0,0,0,0
2048,32,0,0,0,0
2048,64,0,0,0,0
2048,128,0,0,0,0
2048,256,0,0,0,0
2048,512,0,0,0,0
2048,1024,0,0,0,0
2048,2048,0,0,0,0
2048,4096,0,0,0,0
2048,8192,0,0,0,0
2048,16384,0,0,0,0
2048,32768,0,0,0,0
2048,65536,0,0,0,0
2048,131072,0,0,0,0
2048,262144,0,0,0,0
2048,524288,0,0,0,0
2048,1048576,0,0,0,0
2048,2097152,0,0,0,0
2048,4194304,0,0,0,0
2048,8388608,0,0,0,0
4096,0.25,0,0,0,0
4096,0.5,0,0,0,0
4096,1,0,0,0,0
4096,2,0,0,0,0
4096,4,0,0,0,0
4096,8,0,0,0,0
4096,16,0,0,0,0
4096,32,0,0,0,0
4096,64,0,0,0,0
4096,128,0,0,0,0
4096,256,0,0,0,0
4096,512,0,0,0,0
4096,1024,0,0,0,0
4096,2048,0,0,0,0
4096,4096,0,0,0,0
4096,8192,0,0,0,0
4096,16384,0,0,0,0
4096,32768,0,0,0,0
4096,65536,0,0,0,0
4096,131072,0,0,0,0
4096,262144,0,0,0,0
4096,524288,0,0,0,0
4096,1048576,0,0,0,0
4096,2097152,0,0,0,0
4096,4194304,0,0,0,0
4096,8388608,0,0,0,0
8192,0.25,0,0,0,0
8192,0.5,0,0,0,0
8192,1,0,0,0,0
8192,2,0,0,0,0
8192,4,0,0,0,0
8192,8,0,0,0,0
8192,16,0,0,0,0
8192,32,0,0,0,0
8192,64,0,0,0,0
8192,128,0,0,0,0
8192,256,0,0,0,0
8192,512,0,0,0,0
8192,1024,0,0,0,0
8192,2048,0,0,0,0
8192,4096,0,0,0,0
8192,8192,0,0,0,0
8192,16384,0,0,0,0
8192,32768,0,0,0,0
8192,65536,0,0,0,0
8192,131072,0,0,0,0
8192,262144,0,0,0,0
8192,524288,0,0,0,0
8192,1048576,0,0,0,0
8192,2097152,0,0,0,0
8192,4194304,0,0,0,0
8192,8388608,0,0,0,0
16384,0.25,0,0,0,0
16384,0.5,0,0,0,0
16384,1,0,0,0,0
16384,2,0,0,0,0
16384,4,0,0,0,0
16384,8,0,0,0,0
16384,16,0,0,0,0
16384,32,0,0,0,0
16384,64,0,0,0,0
16384,128,0,0,0,0
16384,256,0,0,0,0
16384,512,0,0,0,0
16384,1024,0,0,0,0
16384,2048,0,0,0,0
16384,4096,0,0,0,0
16384,8192,0,0,0,0
16384,16384,0,0,0,0
16384,32768,0,0,0,0
16384,65536,0,0,0,0
16384,131072,0,0,0,0
16384,262144,0,0,0,0
16384,524288,0,0,0,0
16384,1048576,0,0,0,0
16384,2097152,0,0,0,0
16384,4194304,0,0,0,0
16384,8388608,0,0,0,0
32768,0.25,0,0,0,0
32768,0.5,0,0,0,0
32768,1,0,0,0,0
32768,2,0,0,0,0
32768,4,0,0,0,0
32768,8,0,0,0,0
32768,16,0,0,0,0
32768,32,0,0,0,0
32768,64,0,0,0,0
32768,128,0,0,0,0
32768,256,0,0,0,0
32768,512,0,0,0,0
32768,1024,0,0,0,0
32768,2048,0,0,0,0
32768,4096,0,0,0,0
32768,8192,0,0,0,0
32768,16384,0,0,0,0
32768,32768,0,0,0,0
32768,65536,0,0,0,0
32768,131072,0,0,0,0
32768,262144,0,0,0,0
32768,524288,0,0,0,0
32768,1048576,0,0,0,0
32768,2097152,0,0,0,0
32768,4194304,0,0,0,0
32768,8388608,0,0,0,0
65536,0.25,0,0,0,0
65536,0.5,0,0,0,0
65536,1,0,0,0,0
65536,2,0,0,0,0
65536,4,0,0,0,0
65536,8,0,0,0,0
65536,16,0,0,0,0
65536,32,0,0,0,0
65536,64,0,0,0,0
65536,128,0,0,0,0
65536,256,0,0,0,0
65536,512,0,0,0,0
65536,1024,0,0,0,0
65536,2048,0,0,0,0
65536,4096,0,0,0,0
65536,8192,0,0,0,0
65536,16384,0,0,0,0
65536,32768,0,0,0,0
65536,65536,0,0,0,0
65536,131072,0,0,0,0
65536,262144,0,0,0,0
65536,524288,0,0,0,0
65536,1048576,0,0,0,0
65536,2097152,0,0,0,0
65536,4194304,0,0,0,0
65536,8388608,0,0,0,0
131072,0.25,0,0,0,0
131072,0.5,0,0,0,0
131072,1,0,0,0,0
131072,2,0,0,0,0
131072,4,0,0,0,0
131072,8,0,0,0,0
131072,16,0,0,0,0
131072,32,0,0,0,0
131072,64,0,0,0,0
131072,128,0,0,0,0
131072,256,0,0,0,0
131072,512,0,0,0,0
131072,1024,0,0,0,0
131072,2048,0,0,0,0
131072,4096,0,0,0,0
131072,8192,0,0,0,0
131072,16384,0,0,0,0
131072,32768,0,0,0,0
131072,65536,0,0,0,0
131072,131072,0,0,0,0
131072,262144,0,0,0,0
131072,524288,0,0,0,0
131072,1048576,0,0,0,0
131072,2097152,0,0,0,0
131072,4194304,0,0,0,0
131072,8388608,0,0,0,0
262144,0.25,0,0,0,0
262144,0.5,0,0,0,0
262144,1,0,0,0,0
262144,2,0,0,0,0
262144,4,0,0,0,0
262144,8,0,0,0,0
262144,16,0,0,0,0
262144,32,0,0,0,0
262144,64,0,0,0,0
262144,128,0,0,0,0
262144,256,0,0,0,0
262144,512,0,0,0,0
262144,1024,0,0,0,0
262144,2048,0,0,0,0
262144,4096,0,0,0,0
262144,8192,0,0,0,0
262144,16384,0,0,0,0
262144,32768,0,0,0,0
262144,65536,0,0,0,0
262144,131072,0,0,0,0
262144,262144,0,0,0,0
262144,524288,0,0,0,0
262144,1048576,0,0,0,0
262144,2097152,0,0,0,0
262144,4194304,0,0,0,0
262144,8388608,0,0,0,0
524288,0.25,0,0,0,0
524288,0.5,0,0,0,0
524288,1,0,0,0,0
524288,2,0,0,0,0
524288,4,0,0,0,0
524288,8,0,0,0,0
524288,16,0,0,0,0
524288,32,0,0,0,0
524288,64,0,0,0,0
524288,128,0,0,0,0
524288,256,0,0,0,0
524288,512,0,0,0,0
524288,1024,0,0,0,0
524288,2048,0,0,0,0
524288,4096,0,0,0,0
524288,8192,0,0,0,0
524288,16384,0,0,0,0
524288,32768,0,0,0,0
524288,65536,0,0,0,0
524288,131072,0,0,0,0
524288,262144,0,0,0,0
524288,524288,0,0,0,0
524288,1048576,0,0,0,0
524288,2097152,0,0,0,0
524288,4194304,0,0,0,0
524288,8388608,0,0,0,0
1048576,0.25,0,0,0,0
1048576,0.5,0,0,0,0
1048576,1,0,0,0,0
1048576,2,0,0,0,0
1048576,4,0,0,0,0
1048576,8,0,0,0,0
1048576,16,0,0,0,0
1048576,32,0,0,0,0
1048576,64,0,0,0,0
1048576,128,0,0,0,0
1048576,256,0,0,0,0
1048576,512,0,0,0,0
1048576,1024,0,0,0,0
1048576,2048,0,0,0,0
1048576,4096,0,0,0,0
1048576,8192,0,0,0,0
1048576,16384,0,0,0,0
1048576,32768,0,0,0,0
1048576,65536,0,0,0,0
1048576,131072,0,0,0,0
1048576,262144,0,0,0,0
1048576,524288,0,0,0,0
1048576,1048576,0,0,0,0
1048576,2097152,0,0,0,0
1048576,4194304,0,0,0,0
1048576,8388608,0,0,0,0
2097152,0.25,0,0,0,0
2097152,0.5,0,0,0,0
2097152,1,0,0,0,0
2097152,2,0,0,0,0
2097152,4,0,0,0,0
2097152,8,0,0,0,0
2097152,16,0,0,0,0
2097152,32,0,0,0,0
2097152,64,0,0,0,0
2097152,128,0,0,0,0
2097152,256,0,0,0,0
2097152,512,0,0,0,0
2097152,1024,0,0,0,0
2097152,2048,0,0,0,0
2097152,4096,0,0,0,0
2097152,8192,0,0,0,0
2097152,16384,0,0,0,0
2097152,32768,0,0,0,0
2097152,65536,0,0,0,0
2097152,131072,0,0,0,0
2097152,262144,0,0,0,0
2097152,524288,0,0,0,0
2097152,1048576,0,0,0,0
2097152,2097152,0,0,0,0
2097152,4194304,0,0,0,0
2097152,8388608,0,0,0,0
4194304,0.25,0,0,0,0
4194304,0.5,0,0,0,0
4194304,1,0,0,0,0
4194304,2,0,0,0,0
4194304,4,0,0,0,0
4194304,8,0,0,0,0
4194304,16,0,0,0,0
4194304,32,0,0,0,0
4194304,64,0,0,0,0
4194304,128,0,0,0,0
4194304,256,0,0,0,0
4194304,512,0,0,0,0
4194304,1024,0,0,0,0
4194304,2048,0,0,0,0
4194304,4096,0,0,0,0
4194304,8192,0,0,0,0
4194304,16384,0,0,0,0
4194304,32768,0,0,0,0
4194304,65536,0,0,0,0
4194304,131072,0,0,0,0
4194304,262144,0,0,0,0
4194304,524288,0,0,0,0
4194304,1048576,0,0,0,0
4194304,2097152,0,0,0,0
4194304,4194304,0,0,0,0
4194304,8388608,0,0,0,0
8388608,0.25,0,0,0,0
8388608,0.5,0,0,0,0
8388608,1,0,0,0,0
8388608,2,0,0,0,0
8388608,4,0,0,0,0
8388608,8,0,0,0,0
8388608,16,0,0,0,0
8388608,32,0,0,0,0
8388608,64,0,0,0,0
8388608,128,0,0,0,0
8388608,256,0,0,0,0
8388608,512,0,0,0,0
8388608,1024,0,0,0,0
8388608,2048,0,0,0,0
8388608,4096,0,0,0,0
8388608,8192,0,0,0,0
8388608,16384,0,0,0,0
8388608,32768,0,0,0,0
8388608,65536,0,0,0,0
8388608,131072,0,0,0,0
8388608,262144,0,0,0,0
8388608,524288,0,0,0,0
8388608,1048576,0,0,0,0
8388608,2097152,0,0,0,0
8388608,4194304,0,0,0,0
8388608,8388608,0,0,0,0
